200069553  164  167 1040 1043
200069589  308  311 1040 1043
200069552  160  163 1040 1043
200069547  140  143 1040 1043
200069546  136  139 1040 1043
200069654  887  890  962  965
200069614  408  411 1040 1043
200069617  420  423 1040 1043
200069588  304  307 1040 1043
200069538  104  107 1040 1043
200069539  108  111 1040 1043
200069536   96   99 1040 1043
200069537  100  103 1040 1043
200069534   88   91 1040 1043
200069535   92   95 1040 1043
200069532   80   83 1040 1043
200069533   84   87 1040 1043
200069530   72   75 1040 1043
200069531   76   79 1040 1043
200069420   62  111  976 1039
200069421  112  161  720  783
200069422  112  161  784  847
200069423  112  161  848  911
200069424  112  161  912  975
200069425  112  161  976 1039
200069426  162  211  720  783
200069427  162  211  784  847
200069428  162  211  848  911
200069429  162  211  912  975
200069648  544  547 1040 1043
200069599  348  351 1040 1043
200069611  396  399 1040 1043
200069610  392  395 1040 1043
200069607  380  383 1040 1043
200069612  400  403 1040 1043
248368668   88   98  390  398
200069619  428  431 1040 1043
200069652  887  890  954  957
200069649  548  551 1040 1043
200069503  562  570  846  854
200069502  562  570  837  845
200069501  562  570  828  836
200069500  562  570  819  827
200069507  562  570  882  890
200069506  562  570  873  881
200069505  562  570  864  872
200069504  562  570  855  863
200069509  562  570  900  908
200069508  562  570  891  899
200069659  887  890  982  985
200069455  412  461  976 1039
200069454  412  461  912  975
200069457  462  511  784  847
200069456  462  511  720  783
200069451  412  461  720  783
200069450  362  411  976 1039
200069453  412  461  848  911
200069452  412  461  784  847
200069583  284  287 1040 1043
200069582  280  283 1040 1043
200069581  276  279 1040 1043
200069580  272  275 1040 1043
200069459  462  511  912  975
200069458  462  511  848  911
200069585  292  295 1040 1043
200069584  288  291 1040 1043
200069669  887  890 1022 1025
200069658  887  890  978  981
200069629  468  471 1040 1043
200069626  456  459 1040 1043
222343049  749  761  824  837
200069618  424  427 1040 1043
200069514  562  570  945  953
200069515   12   15 1040 1043
200069516   16   19 1040 1043
200069517   20   23 1040 1043
200069510  562  570  909  917
200069511  562  570  918  926
200069512  562  570  927  935
200069513  562  570  936  944
200069518   24   27 1040 1043
200069519   28   31 1040 1043
200069446  362  411  720  783
200069447  362  411  784  847
200069444  312  361  912  975
200069445  312  361  976 1039
200069442  312  361  784  847
200069443  312  361  848  911
200069440  262  311  976 1039
200069441  312  361  720  783
200069594  328  331 1040 1043
200069595  332  335 1040 1043
200069596  336  339 1040 1043
200069597  340  343 1040 1043
200069590  312  315 1040 1043
200069591  316  319 1040 1043
200069448  362  411  848  911
200069449  362  411  912  975
200069624  448  451 1040 1043
200069625  452  455 1040 1043
223004149   98  108   75   85
200069621  436  439 1040 1043
200069628  464  467 1040 1043
200069608  384  387 1040 1043
200069609  388  391 1040 1043
200069479  737  761 1018 1042
200069478  712  736 1018 1042
200069473  587  611 1018 1042
200069472  562  586 1018 1042
200069471  812  861  954 1017
200069470  762  811  954 1017
200069477  687  711 1018 1042
200069476  662  686 1018 1042
200069475  637  661 1018 1042
200069474  612  636 1018 1042
200069561  196  199 1040 1043
200069560  192  195 1040 1043
200069563  204  207 1040 1043
200069562  200  203 1040 1043
200069565  212  215 1040 1043
200069549  148  151 1040 1043
200069567  220  223 1040 1043
200069566  216  219 1040 1043
200069569  228  231 1040 1043
200069568  224  227 1040 1043
200069548  144  147 1040 1043
200069592  320  323 1040 1043
200069666  887  890 1010 1013
200069670  887  889 1026 1028
200069389  595  604  943  952
200069673  562  861 1043 1043
200069673  877  890 1043 1043
200069673  890  890 1026 1028
200069615  412  415 1040 1043
200069384 1076 1085  929  938
200069672  560  561 1042 1043
200069593  324  327 1040 1043
200069631  476  479 1040 1043
200069468  662  711  954 1017
200069469  712  761  954 1017
200069632  480  483 1040 1043
200069630  472  475 1040 1043
200069464  512  561  912  975
200069465  512  561  976 1039
200069466  562  611  954 1017
200069467  612  661  954 1017
200069460  462  511  976 1039
200069461  512  561  720  783
200069462  512  561  784  847
200069463  512  561  848  911
200069572  240  243 1040 1043
200069573  244  247 1040 1043
200069570  232  235 1040 1043
200069571  236  239 1040 1043
200069576  256  259 1040 1043
200069577  260  263 1040 1043
200069574  248  251 1040 1043
200069575  252  255 1040 1043
200069635  492  495 1040 1043
200069578  264  267 1040 1043
200069579  268  271 1040 1043
200069634  488  491 1040 1043
200069653  887  890  958  961
200069637  500  503 1040 1043
200069622  440  443 1040 1043
200069636  496  499 1040 1043
248368770  294  303  586  595
248368796  738  747  585  593
200069586  296  299 1040 1043
200069639  508  511 1040 1043
200069613  404  407 1040 1043
200069638  504  507 1040 1043
200069640  512  515 1040 1043
200069390 1073 1082  938  947
200069641  516  519 1040 1043
200069491  562  570  738  746
200069490  562  570  729  737
200069493  562  570  756  764
200069492  562  570  747  755
200069495  562  570  774  782
200069494  562  570  765  773
200069497  562  570  792  800
200069496  562  570  783  791
200069499  562  570  810  818
200069498  562  570  801  809
200069664  887  890 1002 1005
200069665  887  890 1006 1009
200069662  887  890  994  997
200069663  887  890  998 1001
200069660  887  890  986  989
200069661  887  890  990  993
200069419   62  111  912  975
200069418   62  111  848  911
200069545  132  135 1040 1043
200069544  128  131 1040 1043
200069543  124  127 1040 1043
200069542  120  123 1040 1043
200069541  116  119 1040 1043
200069540  112  115 1040 1043
200069411   12   61  720  783
200069413   12   61  848  911
200069412   12   61  784  847
200069415   12   61  976 1039
200069414   12   61  912  975
200069417   62  111  784  847
200069416   62  111  720  783
200069603  364  367 1040 1043
200069620  432  435 1040 1043
200069655  887  890  966  969
200069604  368  371 1040 1043
200069605  372  375 1040 1043
200069606  376  379 1040 1043
222643038  609  622  451  465
200069601  356  359 1040 1043
200069650  552  555 1040 1043
200069667  887  890 1014 1017
200069482  812  836 1018 1042
200069483  837  861 1018 1042
200069480  762  786 1018 1042
200069481  787  811 1018 1042
200069486  862  886 1004 1028
200069487  862  876 1029 1043
200069484  862  886  954  978
200069485  862  886  979 1003
200069550  152  155 1040 1043
200069551  156  159 1040 1043
200069488  877  890 1029 1042
200069489  562  570  720  728
200069554  168  171 1040 1043
200069555  172  175 1040 1043
200069556  176  179 1040 1043
200069557  180  183 1040 1043
200069600  352  355 1040 1043
200069671  560  561 1040 1041
200069602  360  363 1040 1043
200069657  887  890  974  977
200069564  208  211 1040 1043
200069558  184  187 1040 1043
200069559  188  191 1040 1043
200069651  556  559 1040 1043
200069623  444  447 1040 1043
200069598  344  347 1040 1043
200069656  887  890  970  973
200069587  300  303 1040 1043
200069668  887  890 1018 1021
200069627  460  463 1040 1043
200069644  528  531 1040 1043
200069645  532  535 1040 1043
200069646  536  539 1040 1043
200069647  540  543 1040 1043
200069529   68   71 1040 1043
200069528   64   67 1040 1043
200069642  520  523 1040 1043
200069643  524  527 1040 1043
200069525   52   55 1040 1043
200069524   48   51 1040 1043
200069527   60   63 1040 1043
200069526   56   59 1040 1043
200069521   36   39 1040 1043
200069520   32   35 1040 1043
200069523   44   47 1040 1043
200069522   40   43 1040 1043
200069616  416  419 1040 1043
200069633  484  487 1040 1043
200069439  262  311  912  975
200069438  262  311  848  911
200069437  262  311  784  847
200069436  262  311  720  783
200069435  212  261  976 1039
200069434  212  261  912  975
200069433  212  261  848  911
200069432  212  261  784  847
200069431  212  261  720  783
200069430  162  211  976 1039
