223200332  671  683  148  160
222902284  176  186  495  505
222903110  128  136  721  730
223003959  331  341  432  442
223103893  460  470  489  499
223005797  360  371  308  319
223105628  470  483  447  459
223205718  524  533  870  880
223006562  275  283  710  719
223506370  980  990  860  870
223107753  401  411  784  794
223107949  446  457  577  588
223108963  467  476  489  500
223308380  762  771  482  491
222809453  134  143  102  111
223009644  366  374  314  323
223409089  821  830  906  915
223409598  823  832  906  915
223010195  382  390  242  251
223310007  738  748  599  609
200111766  851  851   20   26
200111767  851  851   21   27
200111768  851  851   22   28
200111769  851  851   23   29
200111770  851  851   24   30
200111771  850  850   25   32
200111772  850  850   26   32
200111773  850  850   27   33
200111774  850  850   28   34
200111775  850  850   29   35
200111776  850  850   30   36
200111777  850  850   31   37
200111778  849  849   32   38
200111779  849  849   33   39
200111780  849  849   34   40
200111781  849  849   35   41
200111782  849  849   36   42
200111783  849  849   37   43
200111784  848  848   38   44
200111785  848  848   39   45
200111786  848  848   40   46
200111787  848  848   41   47
200111788  848  848   42   48
200111789  848  848   43   49
200111790  847  847   44   50
200111791  847  847   45   51
200111792  847  847   46   52
200111793  847  847   47   53
200111794  847  847   48   54
200111795  847  847   49   55
200111796  846  846   50   57
200111797  846  846   51   57
200111798  846  846   52   58
200111799  846  846   53   59
200111800  846  846   54   60
200111801  846  846   55   61
200111802  845  845   56   63
200111803  845  845   57   63
200111804  845  845   58   64
200111805  845  845   59   65
200111806  845  845   60   66
200111807  845  845   61   67
200111808  844  844   62   69
200111809  844  844   63   69
200111810  844  844   64   70
200111811  844  844   65   71
200111812  844  844   66   72
200111813  844  844   67   73
200111814  843  843   68   75
200111815  843  843   69   75
200111816  843  843   70   76
200111817  843  843   71   77
200111818  843  843   72   78
200111819  843  843   73   79
200111820  842  842   74   81
200111821  842  842   75   81
200111822  842  842   76   82
200111823  842  842   77   83
200111824  842  842   78   84
200111825  842  842   79   85
200111826  841  841   80   86
200111827  841  841   81   87
200111828  841  841   82   88
200111829  841  841   83   89
200111830  841  841   84   90
200111831  841  841   85   91
200111832  840  840   86   92
200111833  840  840   87   93
200111834  840  840   88   94
200111835  840  840   89   95
200111836  840  840   90   96
200111837  840  840   91   97
200111838  839  839   92   98
200111839  839  839   93   99
200111840  839  839   94  100
200111841  839  839   95  101
200111842  839  839   96  102
200111843  839  839   97  103
200111844  838  838   98  104
200111845  838  838   99  105
200111846  838  838  100  106
200111847  838  838  101  107
200111848  838  838  102  108
200111849  837  837  103  110
200111850  837  837  104  110
200111851  837  837  105  111
200111852  837  837  106  112
200111853  837  837  107  113
200111854  837  837  108  114
200111855  836  836  109  116
200111856  836  836  110  116
200111857  836  836  111  117
200111858  836  836  112  118
200111859  836  836  113  119
200111860  836  836  114  120
200111861  835  835  115  122
200111862  835  835  116  122
200111863  835  835  117  123
200111864  835  835  118  124
200111865  835  835  119  125
200111866  835  835  120  126
200111867  834  834  121  127
200111868  834  834  122  128
200111869  834  834  123  129
200111870  834  834  124  130
200111871  834  834  125  131
200111872  834  834  126  132
200111873  833  833  127  133
200111874  833  833  128  134
200111875  833  833  129  135
200111876  833  833  130  136
200111877  833  833  131  137
200111878  832  832  132  139
200111879  832  832  133  139
200111880  832  832  134  140
200111881  832  832  135  141
200111882  832  832  136  142
200111883  832  832  137  143
200111884  831  831  138  145
200111885  831  831  139  145
200111886  831  831  140  146
200111887  831  831  141  147
200111888  831  831  142  148
200111889  831  831  143  149
200111890  830  830  144  150
200111891  830  830  145  151
200111892  830  830  146  152
200111893  830  830  147  153
200111894  830  830  148  154
200111895  829  829  149  156
200111896  829  829  150  156
200111897  829  829  151  157
200111898  829  829  152  158
200111899  829  829  153  159
200111900  829  829  154  160
200111901  828  828  155  162
200111902  828  828  156  162
200111903  828  828  157  163
200111904  828  828  158  164
200111905  828  828  159  165
200111906  828  828  160  166
200111907  827  827  161  167
200111908  827  827  162  168
200111909  827  827  163  169
200111910  827  827  164  170
200111911  827  827  165  171
200111912  827  827  166  172
200111913  826  826  167  173
200111914  826  826  168  174
200111915  826  826  169  175
200111916  826  826  170  176
200111917  826  826  171  177
200111918  825  825  172  179
200111919  825  825  173  179
200111920  825  825  174  180
200111921  825  825  175  181
200111922  825  825  176  182
200111923  825  825  177  183
200111924  824  824  178  184
200111925  824  824  179  185
200111926  824  824  180  186
200111927  824  824  181  187
200111928  824  824  182  188
200111929  823  823  183  190
200111930  823  823  184  190
200111931  823  823  185  191
200111932  823  823  186  192
200111933  823  823  187  193
200111934  823  823  188  194
200111935  822  822  189  196
200111936  822  822  190  196
200111937  822  822  191  197
200111938  822  822  192  198
200111939  822  822  193  199
200111940  822  822  194  200
200111941  821  821  195  201
200111942  821  821  196  202
200111943  821  821  197  203
200111944  821  821  198  204
200111945  821  821  199  205
200111946  820  820  200  207
200111947  820  820  201  207
200111948  820  820  202  208
200111949  820  820  203  209
200111950  820  820  204  210
200111951  820  820  205  211
200111952  819  819  206  212
200111953  819  819  207  213
200111954  819  819  208  214
200111955  819  819  209  215
200111956  819  819  210  216
200111957  818  818  211  218
200111958  818  818  212  218
200111959  818  818  213  219
200111960  818  818  214  220
200111961  818  818  215  221
200111962  818  818  216  222
200111963  817  817  217  223
200111964  817  817  218  224
200111965  817  817  219  225
200111966  817  817  220  226
200111967  817  817  221  227
200111968  816  816  222  229
200111969  816  816  223  229
200111970  816  816  224  230
200111971  816  816  225  231
200111972  816  816  226  232
200111973  816  816  227  233
200111974  815  815  228  234
200111975  815  815  229  235
200111976  815  815  230  236
200111977  815  815  231  237
200111978  815  815  232  238
200111979  814  814  233  240
200111980  814  814  234  240
200111981  814  814  235  241
200111982  814  814  236  242
200111983  814  814  237  243
200111984  814  814  238  244
200111985  813  813  239  245
200111986  813  813  240  246
200111987  813  813  241  247
200111988  813  813  242  248
200111989  813  813  243  249
200111990  812  812  244  251
200111991  812  812  245  251
200111992  812  812  246  252
200111993  812  812  247  253
200111994  812  812  248  254
200111996  811  811  250  256
200111997  811  811  251  257
200111998  811  811  252  258
200111999  811  811  253  259
222811822   83   96  339  350
222911940  129  139  770  780
223011634  371  383  290  302
223111763  353  362 1026 1035
200112000  811  811  254  260
200112001  810  810  255  262
200112002  810  810  256  262
200112003  810  810  257  263
200112004  810  810  258  264
200112005  810  810  259  265
200112006  810  810  260  266
200112007  809  809  261  267
200112008  809  809  262  268
200112009  809  809  263  269
200112010  809  809  264  270
200112011  809  809  265  271
200112012  808  808  266  273
200112013  808  808  267  273
200112014  808  808  268  274
200112015  808  808  269  275
200112016  808  808  270  276
200112017  808  808  271  277
200112018  807  807  272  278
200112019  807  807  273  279
200112020  807  807  274  280
200112021  807  807  275  281
200112022  807  807  276  282
200112023  806  806  277  284
200112024  806  806  278  284
200112025  806  806  279  285
200112026  806  806  280  286
200112027  806  806  281  287
200112028  805  805  282  289
200112029  805  805  283  289
200112030  805  805  284  290
200112031  805  805  285  291
200112032  805  805  286  292
200112033  805  805  287  293
200112034  804  804  288  294
200112035  804  804  289  295
200112036  804  804  290  296
200112037  804  804  291  297
200112038  804  804  292  298
200112039  803  803  293  300
200112040  803  803  294  300
200112041  803  803  295  301
200112042  803  803  296  302
200112043  803  803  297  303
200112044  803  803  298  304
200112046  802  802  300  306
200112047  802  802  301  307
200112048  802  802  302  308
200112049  802  802  303  309
200112050  801  801  304  310
200112051  801  801  305  311
200112052  801  801  306  312
200112053  801  801  307  313
200112054  801  801  308  314
200112055  800  800  309  316
200112056  800  800  310  316
200112057  800  800  311  317
200112058  800  800  312  318
200112059  800  800  313  319
200112060  800  800  314  320
200112061  799  799  315  321
200112062  799  799  316  322
200112063  799  799  317  323
200112064  799  799  318  324
200112065  799  799  319  325
200112067  798  798  321  327
200112068  798  798  322  328
200112069  798  798  323  329
200112070  798  798  324  330
200112071  797  797  325  332
200112072  797  797  326  332
200112073  797  797  327  333
200112074  797  797  328  334
200112075  797  797  329  335
200112076  797  797  330  336
200112077  796  796  331  337
200112078  796  796  332  338
200112079  796  796  333  339
200112080  796  796  334  340
200112081  796  796  335  341
200112082  795  795  336  343
200112083  795  795  337  343
200112084  795  795  338  344
200112085  795  795  339  345
200112086  795  795  340  346
200112087  794  794  341  348
200112088  794  794  342  348
200112089  794  794  343  349
200112090  794  794  344  350
200112091  794  794  345  351
200112092  794  794  346  352
200112093  793  793  347  353
200112094  793  793  348  354
200112095  793  793  349  355
200112096  793  793  350  356
200112097  793  793  351  357
200112098  792  792  352  359
200112099  792  792  353  359
200112100  792  792  354  360
200112101  792  792  355  361
200112102  792  792  356  362
200112103  791  791  357  364
200112104  791  791  358  364
200112105  791  791  359  365
200112106  791  791  360  366
200112107  791  791  361  367
200112108  790  790  362  369
200112109  790  790  363  369
200112110  790  790  364  370
200112111  790  790  365  371
200112112  790  790  366  372
200112113  790  790  367  373
200112114  789  789  368  374
200112115  789  789  369  375
200112116  789  789  370  376
200112117  789  789  371  377
200112118  789  789  372  378
200112119  788  788  373  380
200112120  788  788  374  380
200112121  788  788  375  381
200112122  788  788  376  382
200112123  788  788  377  383
200112124  787  787  378  385
200112125  787  787  379  385
200112126  787  787  380  386
200112127  787  787  381  387
200112128  787  787  382  388
200112129  787  787  383  389
200112130  786  786  384  390
200112131  786  786  385  391
200112132  786  786  386  392
200112133  786  786  387  393
200112134  786  786  388  394
200112135  785  785  389  395
200112136  785  785  390  396
200112137  785  785  391  397
200112138  785  785  392  398
200112139  785  785  393  399
200112140  784  784  394  401
200112141  784  784  395  401
200112142  784  784  396  402
200112143  784  784  397  403
200112144  784  784  398  404
200112145  783  783  399  406
200112146  783  783  400  406
200112147  783  783  401  407
200112148  783  783  402  408
200112149  783  783  403  409
200112150  783  783  404  410
200112151  782  782  405  411
200112152  782  782  406  412
200112153  782  782  407  413
200112154  782  782  408  414
200112155  782  782  409  415
200112156  781  781  410  416
200112157  781  781  411  417
200112158  781  781  412  418
200112159  781  781  413  419
200112160  781  781  414  420
200112161  780  780  415  422
200112162  780  780  416  422
200112163  780  780  417  423
200112164  780  780  418  424
200112165  780  780  419  425
200112166  779  779  420  427
200112167  779  779  421  427
200112168  779  779  422  428
200112169  779  779  423  429
200112170  779  779  424  430
200112171  778  778  425  432
200112172  778  778  426  432
200112173  778  778  427  433
200112174  778  778  428  434
200112175  778  778  429  435
200112176  778  778  430  436
200112177  777  777  431  437
200112178  777  777  432  438
200112179  777  777  433  439
200112180  777  777  434  440
200112181  777  777  435  441
200112182  776  776  436  442
200112183  776  776  437  443
200112184  776  776  438  444
200112185  776  776  439  445
200112186  776  776  440  446
200112187  775  775  441  448
200112188  775  775  442  448
200112189  775  775  443  449
200112190  775  775  444  450
200112191  775  775  445  451
200112192  774  774  446  453
200112193  774  774  447  453
200112194  774  774  448  454
200112195  774  774  449  455
200112196  774  774  450  456
200112197  773  773  451  458
200112198  773  773  452  458
200112199  773  773  453  459
200112200  773  773  454  460
200112201  773  773  455  461
200112202  773  773  456  462
200112203  772  772  457  463
200112204  772  772  458  464
200112205  772  772  459  465
200112206  772  772  460  466
200112207  772  772  461  467
200112208  771  771  462  468
200112209  771  771  463  469
200112210  771  771  464  470
200112211  771  771  465  471
200112212  771  771  466  472
200112213  770  770  467  474
200112214  770  770  468  474
200112215  770  770  469  475
200112216  770  770  470  476
200112217  770  770  471  477
200112218  769  769  472  479
200112219  769  769  473  479
200112220  769  769  474  480
200112221  769  769  475  481
200112222  769  769  476  482
200112223  768  768  477  484
200112224  768  768  478  484
200112225  768  768  479  485
200112226  768  768  480  486
200112227  768  768  481  487
200112228  767  767  482  489
200112229  767  767  483  489
200112230  767  767  484  490
200112231  767  767  485  491
200112232  767  767  486  492
200112233  767  767  487  493
200112234  766  766  488  494
200112235  766  766  489  495
200112236  766  766  490  496
200112237  766  766  491  497
200112238  766  766  492  498
200112239  765  765  493  499
200112240  765  765  494  500
200112241  765  765  495  501
200112242  765  765  496  502
200112243  765  765  497  503
200112244  764  764  498  504
200112245  764  764  499  505
200112246  764  764  500  506
200112247  764  764  501  507
200112248  764  764  502  508
200112249  763  763  503  510
200112250  763  763  504  510
200112251  763  763  505  511
200112252  763  763  506  512
200112253  763  763  507  513
200112254  763  763  508  514
200112255  763  763  509  514
200112256  763  763  510  515
200112257  764  764  511  514
223112820  460  474  536  549
223312290  668  676  936  945
244712541  843  850  615  624
222914214  196  205  477  488
223214468  649  660  353  364
223414929  877  887  691  701
222915833  171  181  604  614
223415519  978  986  238  247
222916727  146  157  722  732
223316002  836  846  188  198
223316323  835  846  193  204
223217314  532  544  909  919
222818868  159  169   39   50
222918303  294  301   58   66
223118978  563  571  118  127
223418941  975  987  268  278
223319953  764  771  551  560
223519429 1076 1088  508  520
222920584  125  135  837  848
223220843  714  727   88  100
223222401  706  718  146  156
223023882  274  285  813  824
222924691  203  215  509  521
223324008  738  746  698  707
223324640  740  748  699  707
223026791  293  303  749  759
223126835  588  596   53   62
223226906  672  680  337  346
223426056  971  979  346  354
222827268   19   29  730  740
223327385  771  781  569  579
223527444 1072 1080  593  602
200128918  629  639  419  429
200128934  775  785   86   96
223029655  252  264  947  959
223129558  579  587  111  121
222930532  176  185  673  683
223030095  260  270  919  930
223031640  285  293  821  830
223131518  546  556  278  288
222832299   20   31  758  769
223332021  840  851  276  288
223332939  898  906   22   31
222833839  137  147  241  251
223033915  313  322  706  717
223133976  451  461  730  740
222934309  167  181  732  744
223034920  416  426  245  255
223434208  917  929  636  648
223534885  996 1008  985  996
222935741  212  222  541  551
223135303  443  453  772  782
223235847  709  716  227  236
223435162 1001 1009  269  278
223338647  823  833  405  415
222839001  112  120  393  402
223239490  660  670  479  489
223339369  766  776  674  684
223040306  422  433  247  258
223041872  254  266 1011 1023
223241125  747  756   84   94
223241578  723  733  200  210
223042940  469  477   52   61
223442487  847  858 1016 1027
223343051  772  783  670  681
222944177  140  148  922  931
223146126  602  611  114  124
223446512 1044 1055  140  152
222947097  275  287  319  331
223147330  458  471  774  786
251248322  457  467  436  446
251248363  936  943  222  231
251248370  937  944  223  231
251248385 1038 1045  688  697
251248391  524  530  861  868
251248409  947  954  354  363
251248410   87   94  381  389
251248417   16   22  173  180
251248441  566  575  397  406
251248627  847  855   38   46
251248629  934  941   73   81
251248630  629  637  117  126
251248635   46   54  211  220
251248638  544  552  380  389
251248643  722  730  617  626
251248646  136  145  612  621
251248650  174  182  886  895
251248830 1050 1057  119  127
223149589  497  507  620  630
223249706  632  642  675  685
251249024  465  472  266  274
222850284  183  192  135  144
222850932   15   29  894  907
223052489  293  305  914  925
223352652  769  777  756  765
223153645  572  581  306  315
223255090  719  729  307  317
223555115 1089 1101  693  705
223156457  470  480  788  798
222857804  173  183  225  235
223057279  478  488  101  111
223258107  666  675  574  584
243758508 1009 1016  157  164
223459977  916  927  826  837
223160833  488  499  729  741
223260213  668  680  576  588
223360985  894  902  246  253
223560369 1051 1060  914  923
222861069   69   80  720  731
223261919  622  633  796  807
223461917  892  904  939  951
222862402  177  188  233  244
223062004  312  324  880  892
222763084   85   94   35   44
222863167   65   73  759  767
222966355  161  170  961  971
223466323  984  995  558  570
223467229 1022 1031  398  407
223368733  866  876  420  430
223069050  475  483  196  205
222870997  155  165  393  403
222973319  345  354  171  180
222774072   17   27  421  431
223374016  786  796  822  832
222975070  309  317  350  359
223476614  962  971  738  747
223277894  728  738  428  438
222878212  136  145  528  537
223079925  457  468  345  356
222881800   43   53  967  977
222981842  263  274  599  610
223081879  338  349  896  907
223382713  808  818  783  793
223482421 1067 1074  299  307
222883344  195  207  284  294
223083675  315  327 1017 1027
223283141  786  795  192  203
222984346  216  225  826  837
223084654  499  509  185  195
223584736 1090 1102  898  909
222985225  231  243  756  768
223386733  958  967  126  135
223586301 1091 1103  904  915
223088087  410  420  616  628
222789710   58   68  327  337
223089853  539  548   30   41
223391238  953  962  177  186
223192426  532  542  736  748
223192540  519  529  800  811
223292442  722  733  549  560
222893507  219  230  236  247
223294745  791  803  243  255
222795861   68  143  266  281
222796818   54   68  379  392
222996827  337  346  357  368
222797637   80   88  280  288
223397267  886  896  527  537
223098912  536  545  102  112
222899071  231  242  215  226
223207465  556  580  718  727
223207465  565  575  716  717
223207465  562  573  728  729
222920431  216  240  412  421
222920431  225  235  410  411
222920431  222  233  422  423
223051237  461  500  121  130
223051237  475  486  119  120
223051237  475  487  131  132
223051619  461  499  121  130
223051619  476  483  119  120
223051619  473  481  131  131
223299417  735  770  517  526
223299417  748  759  514  516
223299417  746  756  527  528
