235600548  736  744  851  860
237900803  164  174  451  461
238000048  694  702  632  641
238000148  738  748  623  633
238001381  946  958  588  599
237802206  152  163  184  194
237902232  699  709  362  372
237902698  250  258  443  451
235603789  313  323  932  942
235604204 1029 1037  808  817
235604775  190  197  958  966
237804153  654  661  104  113
237904672  496  503  406  413
237904848  472  483  408  418
237904926  111  122  471  481
235605405  775  783  857  866
235605757  481  504  901  913
235605792  572  580  894  902
237905764  380  392  426  437
237806734  699  710  101  111
200107462  300  300  721  725
200107463  299  299  722  728
200107464  297  297  723  731
200107465  296  296  724  733
200107467  293  293  726  737
200107468  292  292  727  738
200107469  290  290  728  739
200107470  289  289  729  740
200107471  288  288  730  741
200107472  287  287  731  741
200107473  285  285  732  743
200107474  284  284  733  743
200107475  283  283  734  744
200107476  282  282  735  745
200107477  281  281  736  746
200107478  280  280  737  746
200107479  279  279  738  747
200107480  278  278  739  748
200107481  277  277  740  749
200107482  276  276  741  750
200107483  276  276  742  750
200107484  275  275  743  751
200107485  274  274  744  752
200107486  273  273  745  753
200107487  273  273  746  753
200107488  272  272  747  755
200107489  272  272  748  755
200107490  271  271  749  756
200107491  271  271  750  757
200107492  270  270  751  758
200107493  270  270  752  758
200107494  270  270  753  759
200107495  270  270  754  760
200107496  269  269  755  761
200107497  269  269  756  762
200107498  269  269  757  763
200107499  269  269  758  764
200107500  269  269  759  765
200107501  269  269  760  767
200107502  270  270  761  767
200107503  270  270  762  768
200107504  270  270  763  770
200107505  271  271  764  771
200107506  271  271  765  773
200107507  272  272  766  774
200107508  272  272  767  776
200107509  273  273  768  778
200107510  274  274  769  779
200107511  275  275  770  781
200107512  276  276  771  783
200107513  277  277  772  785
200107514  278  278  773  787
200107515  280  280  774  789
200107516  281  281  775  792
200107517  283  283  776  795
200107518  285  285  777  797
200107519  287  287  778  800
200107520  290  290  779  803
200107521  292  292  780  804
200107522  295  295  781  802
200107523  298  298  782  801
200107524  302  302  783  797
200107525  305  305  784  795
200107526  310  310  785  790
235608939  992  998  829  836
235610483 1080 1088  816  824
235610848  937  947  842  854
237810259  531  542  141  151
235611427 1075 1085  818  828
235611663  630  637  900  907
238011987  897  909  626  636
235612730  114  124  990 1000
237812597  684  696  120  130
237812997  865  876   89   99
237813541  318  332  185  197
200114497  438  438   97  100
200114498  437  437   98  103
200114499  437  437   99  105
200114500  437  437  100  106
200114501  436  436  101  108
200114502  436  436  102  108
200114503  436  436  103  109
200114504  435  435  104  111
200114505  435  435  105  111
200114506  435  435  106  112
200114507  435  435  107  113
200114508  434  434  108  115
200114509  434  434  109  115
200114510  434  434  110  116
200114511  433  433  111  118
200114512  433  433  112  118
200114513  433  433  113  119
200114514  433  433  114  120
200114515  432  432  115  122
200114516  432  432  116  122
200114517  432  432  117  123
200114518  432  432  118  124
200114519  431  431  119  126
200114520  431  431  120  126
200114521  431  431  121  127
200114522  431  431  122  128
200114523  430  430  123  130
200114524  430  430  124  130
200114525  430  430  125  131
200114526  430  430  126  132
200114527  430  430  127  133
200114528  429  429  128  135
200114529  429  429  129  135
200114530  429  429  130  136
200114531  429  429  131  137
200114532  429  429  132  138
200114533  428  428  133  140
200114534  428  428  134  140
200114535  428  428  135  141
200114536  428  428  136  142
200114537  428  428  137  143
200114538  428  428  138  144
200114539  427  427  139  145
200114540  427  427  140  146
200114541  427  427  141  147
200114542  427  427  142  148
200114543  427  427  143  149
200114544  427  427  144  150
200114545  426  426  145  151
200114546  426  426  146  152
200114547  426  426  147  153
200114548  426  426  148  154
200114549  426  426  149  155
200114550  426  426  150  156
200114551  426  426  151  157
200114552  426  426  152  158
200114553  425  425  153  159
200114554  425  425  154  160
200114555  425  425  155  161
200114556  425  425  156  162
200114557  425  425  157  163
200114558  425  425  158  164
200114559  425  425  159  165
200114560  425  425  160  166
200114561  425  425  161  167
200114562  425  425  162  168
200114563  425  425  163  169
200114564  424  424  164  170
200114565  424  424  165  171
200114566  424  424  166  172
200114567  424  424  167  173
200114568  424  424  168  174
200114569  424  424  169  175
200114570  424  424  170  176
200114571  424  424  171  177
200114572  424  424  172  178
200114573  424  424  173  179
200114574  424  424  174  180
200114575  424  424  175  181
200114576  424  424  176  182
200114577  424  424  177  183
200114578  424  424  178  184
200114579  424  424  179  185
200114580  424  424  180  186
200114581  424  424  181  187
200114582  424  424  182  188
200114583  424  424  183  189
200114584  424  424  184  190
200114585  424  424  185  191
200114586  424  424  186  192
200114587  424  424  187  193
200114588  424  424  188  194
200114589  424  424  189  195
200114590  424  424  190  196
200114591  424  424  191  197
200114592  424  424  192  198
200114593  425  425  193  199
200114594  425  425  194  200
200114595  425  425  195  201
200114596  425  425  196  202
200114597  425  425  197  203
200114598  425  425  198  204
200114599  425  425  199  205
200114600  425  425  200  206
200114601  425  425  201  207
200114602  425  425  202  208
200114603  425  425  203  209
200114604  426  426  204  210
200114605  426  426  205  211
200114606  426  426  206  212
200114607  426  426  207  213
200114608  426  426  208  214
200114609  426  426  209  215
200114610  426  426  210  216
200114611  426  426  211  218
200114612  427  427  212  218
200114613  427  427  213  219
200114614  427  427  214  220
200114615  427  427  215  221
200114616  427  427  216  222
200114617  427  427  217  224
200114618  428  428  218  224
200114619  428  428  219  225
200114620  428  428  220  226
200114621  428  428  221  227
200114622  428  428  222  229
200114623  429  429  223  229
200114624  429  429  224  230
200114625  429  429  225  231
200114626  429  429  226  233
200114627  430  430  227  233
200114628  430  430  228  234
200114629  430  430  229  235
200114630  430  430  230  236
200114631  431  431  231  237
200114632  431  431  232  238
200114633  431  431  233  239
200114634  431  431  234  241
200114635  432  432  235  241
200114636  432  432  236  242
200114637  432  432  237  243
200114638  432  432  238  245
200114639  433  433  239  245
200114640  433  433  240  246
200114641  433  433  241  248
200114642  434  434  242  248
200114643  434  434  243  249
200114644  434  434  244  251
200114645  435  435  245  251
200114646  435  435  246  252
200114647  435  435  247  254
200114648  436  436  248  254
200114649  436  436  249  255
200114650  436  436  250  257
200114651  437  437  251  257
200114652  437  437  252  258
200114653  437  437  253  260
200114654  438  438  254  260
200114655  438  438  255  262
200114656  439  439  256  262
200114657  439  439  257  263
200114658  439  439  258  265
200114659  440  440  259  265
200114660  440  440  260  267
200114661  441  441  261  267
200114662  441  441  262  269
200114663  441  441  263  270
200114664  442  442  264  270
200114665  442  442  265  272
200114666  443  443  266  272
200114667  443  443  267  274
200114668  444  444  268  274
200114669  444  444  269  276
200114670  445  445  270  276
200114671  445  445  271  278
200114672  445  445  272  279
200114673  446  446  273  280
200114674  446  446  274  281
200114675  447  447  275  282
200114676  447  447  276  283
200114677  448  448  277  284
200114678  449  449  278  284
200114679  449  449  279  286
200114680  450  450  280  287
200114681  450  450  281  288
200114682  451  451  282  289
200114683  451  451  283  290
200114684  452  452  284  291
200114685  452  452  285  292
200114686  453  453  286  293
200114687  453  453  287  295
200114688  454  454  288  295
200114689  455  455  289  296
200114690  455  455  290  297
200114691  456  456  291  298
200114692  456  456  292  300
200114693  457  457  293  300
200114694  458  458  294  301
200114695  458  458  295  303
200114696  459  459  296  303
200114697  460  460  297  304
200114698  460  460  298  306
200114699  461  461  299  306
200114700  461  461  300  308
200114701  462  462  301  309
200114702  463  463  302  309
200114703  463  463  303  311
200114704  464  464  304  312
200114705  465  465  305  312
200114706  466  466  306  313
200114707  466  466  307  315
200114708  467  467  308  316
200114709  468  468  309  316
200114710  468  468  310  318
200114711  469  469  311  319
200114712  470  470  312  320
200114713  471  471  313  320
200114714  471  471  314  322
200114715  472  472  315  323
200114716  473  473  316  324
200114717  474  474  317  325
200114718  474  474  318  326
200114719  475  475  319  327
200114720  476  476  320  328
200114721  477  477  321  329
200114722  478  478  322  330
200114723  479  479  323  331
200114724  479  479  324  333
200114725  480  480  325  333
200114726  481  481  326  334
200114727  482  482  327  335
200114728  483  483  328  336
200114729  484  484  329  337
200114730  484  484  330  339
200114731  485  485  331  340
200114732  486  486  332  341
200114733  487  487  333  342
200114734  488  488  334  343
200114735  489  489  335  344
200114736  490  490  336  344
200114737  491  491  337  345
200114738  492  492  338  345
200114739  493  493  339  345
200114740  494  494  340  344
200114741  495  495  341  343
235614799  282  290  968  976
238014509  924  936  628  638
238014719  730  742  663  673
235615981  366  373  957  966
237815793  869  883   94  104
237916322  548  556  428  437
238019292  648  658  690  700
235620353  743  814  871  884
238020367  103  113  788  798
235622014  650  659  922  931
235622606  239  246  997 1004
235622953  119  128 1017 1026
237822707  164  175  238  248
237924752  491  501  459  469
237924803  531  546  450  462
238024811  297  306  767  776
235625861  639  648  935  944
235626298  105  114 1027 1037
235627065  780  791  913  923
238027279  730  737  700  708
200128920  841  851  801  811
237928478   40   49  547  557
237928895 1004 1014  379  389
238029329  344  356  770  780
238029513  346  360  769  779
238029671  315  323  778  786
237830158  951  962  120  130
237830480  767  781  152  162
237830758  808  815  149  158
237930350  343  352  501  510
237930960  142  151  537  546
235632687  949  960  898  908
237832285  839  850  146  156
237832617  894  904  137  147
237932632  993 1001  393  402
235633374  432  438  994 1002
237833080  348  359  234  244
237833739  234  245  256  266
237934654  350  361  511  521
237934897  321  332  516  527
238035735  720  727  725  733
235636039  604  614  969  979
237936881  113  119  560  568
237937212  749  758  449  458
237838760  564  578  210  220
238038120   83   92  841  850
238038287  641  651  744  754
238039645  245  256  816  826
235640127  774  788  949  959
237940314  623  633  479  489
238040848 1000 1009  689  698
238041636 1067 1073  680  687
235642987  617  624  988  997
237742375   21   34   41   53
237942517  132  139  572  580
237943217  345  356  535  545
237844365 1015 1024  148  157
237844589  396  407  257  267
238044763  752  760  744  752
237845947   16   26  326  336
237846399   33   41  326  335
237846604  333  345  273  284
235647088  710  717  984  992
238047686  856  862  735  743
251248418 1085 1092  132  141
251248833 1098 1105  938  946
235648807  719  729  985  995
237848397  703  713  214  223
251248358 1043 1050  118  126
251248448  755  765  659  669
251248538  115  123  474  482
251248541  336  344  968  976
251248543  443  450  244  253
251248548  735  744  125  134
251248551  871  879  241  250
251248555 1000 1008   38   47
251248656  362  372  373  383
251248736  774  780  851  859
251248757  820  826  786  794
251248763  634  640  864  871
251248775  576  582  839  846
251248790  601  608  593  601
251248815  719  725  861  869
251248818  595  602  847  856
251248865  712  719  757  765
251248940  766  772  957  964
251248978  677  684  968  976
251248990  822  828  710  717
251248992  584  590  873  881
238049214  598  605  784  793
251249010 1044 1051  896  904
251249020  225  231 1027 1035
251249025  858  865  859  868
251249030  834  841  785  793
237850109  700  712  218  229
237950867  754  764  485  495
235651318  614  623 1011 1020
237751311   76   83   59   68
237851660  922  929  185  192
237951092   34   41  612  620
237752787   20   31   71   81
237852045  717  728  221  231
237952010  549  559  524  534
237753553  240  252   35   47
237853022  961  973  180  190
238053643  329  335  844  851
237954633  981  991  455  464
237755587  210  217   48   57
237955961  695  704  510  520
237857780  586  594  261  270
235658593  914  921  980  988
235659653  737  745 1013 1022
235661268  842  851  998 1007
237961494  144  155  620  630
237862198  803  814  233  244
235663114 1005 1016  973  984
237864040  221  235  339  349
237865780  585  597  282  293
237767633  255  267   71   82
237867798  777  785  255  263
237868967  518  528  303  313
237769100   80   86  108  115
237869956  955  965  228  237
237770139   31   41  117  127
237971842 1042 1053  491  501
237772512  612  622   23   33
237975973  310  320  632  642
237776623  418  432   66   76
235677861  919  927 1033 1042
237779906  182  193  118  128
237879537  803  810  284  292
235681476  983  992 1031 1040
237881090  667  716  290  303
237881377  900  912  269  280
235682994 1010 1017 1032 1040
237782924   25   34  154  163
235583418  567  576  834  842
235583727  331  341  875  885
237784298  290  297  113  122
237884337  958  967  268  277
237885218  947  959  271  281
237986426 1087 1098  523  533
235586297  560  567  844  853
235586852  472  483  859  869
237786266  210  222  130  141
235587756  799  807  805  814
237887631  569  579  346  356
237987162   83   92  701  710
237988876  180  191  689  699
237890148  225  319  369  382
237791698   71   82  169  179
237992771  142  153  706  717
237795639  274  284  146  156
235596622  726  734  843  851
235597029  366  375  906  915
237897538  129  140  448  458
237997948  913  924  586  596
237798830  434  445  126  136
237998848   49   57  740  748
237799636  794  804   65   75
237999196  954  963  582  591
235636710  669  711  944  953
235636710  685  695  943  943
235636710  685  696  954  955
237880849  666  711  290  299
237880849  687  695  289  289
237880849  686  696  300  301
237990157  320  355  658  667
237990157  332  341  656  657
237990157  332  343  668  670
