225000456 1021 1026  603  609
225100318  906  914  395  403
225100934  794  800  981  988
225300403  576  585  430  440
225400119  388  393  564  570
225101328  902  907  415  421
225201718  747  755  386  395
225301143  471  477  987  993
225401324  302  307 1009 1015
225401803  335  340  829  835
240101921  571  575  558  564
240201139   86   91  574  580
225002543  959  965  907  915
225002606 1057 1065  386  395
225202048  708  714  593  600
225302069  504  509  804  811
225302169  527  532  683  690
225402689  303  309  987  995
240102464  578  583  508  514
225003594  972  978  832  839
225103523  812  817  865  872
225303532  466  472  992  999
225004571  984  990  760  767
225004682  948  954  950  958
225104915  802  808  909  915
225104922  819  824  819  826
225304430  522  528  685  692
240004633  966  971  814  820
240204788  129  136  245  254
240204954  122  129  283  291
225105263  932  940  219  228
225205461  683  688  693  700
225205721  641  646  915  921
225405497  364  370  639  645
240105025  491  495  904  909
240205109  123  129  275  283
225106594  918  926  282  291
225206428  760  768  276  285
225406132  471  520   41   54
225506417  200  206  609  616
240006438  924  929  993  999
240006808 1103 1109   48   55
240106160  507  512  792  797
225107651  877  883  490  497
225207476  667  672  761  768
225207849  695  702  609  617
225307376  533  539  603  610
225307954  574  582  378  387
225008699 1062 1070  315  325
225008936 1010 1015  592  598
225208138  744  754  343  353
225308165  556  561  479  485
225308175  500  506  768  775
225308627  549  555  508  515
240108151  470  475  934  940
224909064 1105 1110  885  891
225009052 1035 1040  462  468
225009242 1020 1026  538  545
225109906  844  851  644  652
225209843  714  720  490  498
225309250  556  561  469  476
225309255  576  583  358  367
225409766  309  314  894  901
225010273  992  997  676  683
225010952 1069 1077  263  272
225310310  495  500  781  787
225410493  307  312  898  905
225410706  328  333  785  792
225410982  375  381  537  544
240110861  580  587  290  297
225211309  660  666  766  773
225211794  692  697  596  602
225311781  580  587  319  327
240111664  465  470  875  881
225412887  295  301  944  950
240012627  996 1001  466  472
240112095  550  557  416  424
240112530  597  604  163  170
225013256 1061 1070  285  295
225213852  623  634  928  938
225213866  712  717  473  479
225313857  544  550  489  496
225413741  288  293  974  980
224914942 1102 1107  855  861
225014433  960  966  808  815
225214068  704  709  514  520
225214259  655  661  766  774
240214646   56   63  378  387
225215005  702  707  516  522
225215454  660  666  728  736
225315608  565  573  359  368
225415691  359  366  576  585
240115883  558  565  283  290
225216907  774  782  121  130
225416795  336  348  677  687
225416828  296  302  899  907
240116623  522  529  448  456
224917141 1075 1080  979  986
225317516  542  547  470  476
225317966  559  567  369  379
225317979  510  515  633  640
225417531  325  331  740  748
240017985 1022 1028  199  207
240217427  107  114   48   56
225018313 1071 1078  193  202
225018351  945  950  857  863
225018422 1009 1013  522  528
225218424  673  679  637  644
225318272  448  454  957  964
225318495  505  510  657  663
225418887  322  328  743  751
225518383  100  106 1030 1038
225618802   92  102  170  180
224919359 1079 1084  944  950
225219321  681  687  584  592
225219499  659  664  704  710
225319072  523  529  556  563
225419278  355  361  569  575
225519750  266  274  139  148
240019340 1035 1041  102  110
240119144  536  543  315  323
240119454  537  544  298  307
225020506  922  928  959  967
225220892  613  618  934  940
225420708  330  339  674  684
225021992 1049 1057  279  288
225221635  683  689  558  565
225421169  347  352  595  601
225421316  335  341  656  663
225421430  451  459   43   52
225022678 1060 1068  217  227
225122068  786  791  851  857
225222490  775  784   65   75
225322713  462  467  849  855
225422274  270  276  994 1000
225223148  654  659  695  702
225223415  658  666  667  676
225223950  599  605  980  987
225323282  452  457  897  903
225323510  547  554  385  394
225423175  341  347  611  617
225423385  260  266 1036 1043
225024141 1067 1075  172  181
225224918  675  682  569  577
225224955  606  611  935  941
225424397  290  295  867  873
225424521  328  333  666  673
225524609  148  155  721  728
224925143 1054 1060 1025 1032
225225771  745  753  191  201
225425212  337  343  609  616
240125469  438  443  679  684
225026455  991  997  550  558
225326053  528  534  470  477
225326517  469  474  777  783
225426091  290  296  853  860
225426625  339  344  589  596
225426674  334  339  616  622
240026923  881  886  732  738
225027021  915  921  943  952
225027824  959  964  708  715
225227371  707  714  374  383
225227649  703  710  395  404
225327388  474  480  740  747
225427796  328  334  634  642
225028704  907  912  976  983
225228514  592  598  975  982
225428030  258  263 1009 1015
225129256  855  860  427  434
225129964  871  880  331  341
225329399  525  532  447  456
225329718  502  507  576  582
225429076  320  326  666  673
225429668  253  259 1017 1024
225529277  255  263  113  122
225030769  922  927  878  885
225130544  765  770  889  896
225130986  910  919  124  134
225330834  490  496  627  635
224931173 1079 1085  847  854
225131545  886  894  244  252
225331884  477  482  686  693
225331972  435  440  912  918
225431881  311  316  690  696
225032457 1016 1025  363  374
225132172  843  849  466  473
225332377  450  455  825  831
225332524  514  520  489  495
225332752  505  510  531  538
225033756  897  908  978  988
225133387  750  755  945  952
225233041  623  628  776  782
225233416  685  691  443  450
225333532  587  594   94  102
240033397  895  899  505  511
240033952  801  806  986  992
225134870  826  831  537  542
225334976  470  476  698  705
240134073  341  345  975  980
240134713  409  414  594  600
224935244 1073 1078  844  851
225135254  761  767  871  878
225235823  674  681  481  489
240135786  341  345  929  934
225036343  972  977  577  582
225036920 1038 1045  221  229
225136103  747  752  939  946
225136809  786  793  725  733
225236559  601  606  862  868
225236600  568  574 1035 1042
225336451  425  431  920  927
225137088  795  800  678  684
225137446  827  832  506  513
225337629  515  522  428  437
225038689  939  945  723  731
225038715  914  919  858  865
225338140  432  437  873  879
240138102  350  355  821  826
225039363 1022 1030  283  292
225439223  299  304  687  693
225040073  978  984  510  517
225040519  926  931  779  786
225040859 1019 1027  284  293
225340117  441  447  804  811
225340261  449  455  764  770
225340646  417  423  927  934
225340838  451  457  747  754
225340993  452  458  739  746
225440861  256  261  900  907
225540109   78   84  952  959
240040001  807  811  811  816
240140071  346  350  790  796
240140078  420  427  389  398
225041422  943  949  684  691
240141443  335  340  809  815
224942558 1072 1077  796  801
224942694 1056 1061  876  882
224942841 1058 1063  864  870
225042947  914  919  823  830
225242076  655  661  530  537
225242380  600  607  812  820
225242771  692  700  325  333
240042513  756  760 1022 1028
224943540 1027 1033 1018 1027
224943940 1083 1089  722  729
225143218  763  769  796  803
225243873  696  703  294  303
225443250  262  267  847  853
225443268  227  234 1029 1037
225443515  245  250  933  939
225443892  242  248  944  952
240043729  823  828  634  640
240143797  337  341  741  747
240143908  390  397  450  458
225244108  588  594  863  870
225344399  417  422  894  901
225344921  400  405  981  988
240144093  423  430  278  285
225145188  837  844  381  390
225245815  608  614  743  750
225345224  391  397 1026 1034
225345416  507  515  406  415
225345662  496  502  469  475
225545104  100  106  790  797
225545913   98  104  790  797
240145361  358  362  592  597
240145785  431  438  187  196
225046708 1017 1024  247  256
225246405  567  573  954  961
240146069  456  462   57   65
225147401  864  872  226  235
225147766  731  736  930  936
225247903  611  616  713  719
225347069  494  499  468  474
225347146  413  418  894  900
225347483  490  496  480  488
225647231   48   56  158  166
224948887 1031 1036  957  964
225048555  923  929  733  740
225048843 1039 1054  111  123
225148910  853  861  270  280
251248361   43   51  152  161
251248503  605  611  857  863
251248504  142  150  377  385
251248593  920  925  690  697
251248597  167  175  465  474
251248679  306  311  997 1003
251248713  383  388  749  755
251248720   31   36  882  887
251248726  578  582  831  836
251248728  367  374  400  408
251248729  535  542  385  392
251248756  458  463  689  694
251248761   92   99  294  303
251248773  640  644  629  634
251248795  820  827  215  224
251248806  759  766  129  137
251248816  718  723  980  986
251248822  748  752  879  885
251248843  185  192  112  119
251248851  629  636   42   49
251248858  189  194  927  933
251248859   98  104  444  452
251248864  534  540  435  442
251248917  176  183  141  149
251248930  261  267   52   59
251248935  469  474  515  521
251248964  679  683  582  587
251248970  196  203  154  162
251248989   18   24  291  299
251248997  130  134  875  880
224949080 1022 1026 1005 1011
225249160  566  572  939  946
225449216  247  253  869  876
225449948  230  235  954  961
251249004  120  125  695  701
225050063  955  960  554  560
225050366  931  936  679  684
225050415  971  977  467  474
225050441 1007 1015  272  280
225150299  813  818  475  481
225150611  843  851  310  319
225350228  503  511  389  397
225550449  124  133  603  613
240150565  259  263  970  976
225351226  472  478  545  552
225351445  488  495  450  459
225351700  425  434  781  790
225451332  235  240  918  924
225152011  758  764  746  753
225152115  735  740  872  878
225152358  772  778  673  680
225152490  753  758  772  778
225252474  557  562  958  964
225352251  422  428  801  808
225452744  253  258  807  814
240152757  279  284  813  819
224953939 1048 1053  828  834
225153417  729  735  891  898
225353118  486  493  449  458
225453112  223  229  963  970
240053046  837  843  337  345
240153597  395  402  181  188
240153652  294  299  714  719
225054688  929  934  654  660
225254259  594  600  745  752
225254281  556  561  946  953
225354824  534  542  186  196
240154770  358  365  338  346
225055204 1048 1055   29   37
225155379  699  705 1030 1038
225255035  722  732   64   75
225255631  568  574  872  879
225355731  444  450  652  660
225456697  268  274  691  698
240156503  409  415   35   42
224957002 1081 1086  628  634
224957825 1072 1077  672  678
225257285  594  600  721  728
225357137  468  474  517  524
225357181  450  455  613  620
225457659  219  224  943  949
225058891  969  974  410  416
225158167  795  800  503  510
225158662  844  853  238  247
225158834  700  705 1000 1006
225258627  539  545 1000 1006
225458689  235  240  853  859
240058271  706  711  903  909
240058579  726  731  792  797
224959118 1039 1044  835  841
225059451  959  964  458  464
225159086  706  712  964  971
225159214  758  763  687  694
225159433  708  714  949  956
225259560  623  629  548  555
225459339  212  218  964  972
225559575  158  165  343  352
225559894  109  114  609  615
240059279  699  703  918  924
225060221  992 1000  271  281
225060276  864  869  951  957
225060529  855  860  997 1003
225260744  537  542  991  997
225360295  459  464  535  542
225360329  370  375 1008 1014
225360413  417  423  753  761
225360711  465  471  503  509
225261197  528  533 1036 1042
225361976  361  367 1037 1045
225461305  237  242  816  822
225461723  232  238  835  843
224962935 1040 1045  798  804
225362981  429  434  669  676
240062340  676  680  963  969
225063006  932  938  565  573
225063543  872  878  875  883
225063755  883  892  811  820
225463315  219  225  894  900
225064088  991  999  252  260
225064255 1022 1030   85   95
225164082  780  786  528  537
225164117  712  717  888  895
225164861  696  702  967  974
225264082  625  631  496  503
225264647  641  648  406  414
225264980  575  582  748  757
225364726  408  414  765  772
240064752  813  820  178  187
225065248  960  965  405  411
225065885  996 1003  204  213
225265009  573  579  762  769
225365808  496  515  276  288
225365911  449  455  537  544
225465601  189  195 1032 1039
240165679  352  359   84   93
224966141 1049 1054  726  732
224966592 1065 1070  638  644
224966892 1018 1023  885  891
225166215  813  820  333  342
225266508  541  547  919  926
240166944  315  322  250  258
224967301 1062 1068  645  652
225067098  908  913  663  669
225167298  686  691 1004 1010
225367552  467  475  424  434
240067236  793  800  223  232
224968123 1040 1045  754  761
225068079  922  928  580  587
225068630  849  854  959  966
225268141  624  629  472  478
225268476  587  592  660  667
225368217  438  443  578  584
225468459  187  194 1014 1022
240168531  183  187  909  914
224969092 1060 1065  643  650
225169149  712  717  850  856
225269771  559  564  799  805
225369388  454  461  482  490
240069324  671  675  824  829
225170308  787  792  444  451
225170743  674  682 1033 1041
225170868  701  708  889  897
240170298  216  220  686  692
240170774  160  164  969  975
225071840  938  943  471  477
225171429  689  695  948  955
225271107  559  564  784  790
225271186  533  541  918  926
225571813  195  203   45   55
240171866  293  301  234  242
225072829  831  839 1017 1026
225172756  734  739  704  710
225272145  595  601  587  594
225372269  388  393  806  813
225372822  416  422  652  659
240072313  686  691  670  676
224973041 1052 1056  654  660
225173672  791  799  390  398
225373523  396  401  755  761
225473551  224  230  773  780
239973258 1098 1103  886  892
224974151 1022 1028  804  811
224974229  983  989 1008 1015
225074255  988  996  183  192
225174681  696  701  884  891
225274255  580  585  649  655
225274602  671  679  167  176
225374633  359  364  940  947
225374697  348  354  999 1005
225474050  326  333  233  241
225275788  634  642  348  356
225375641  368  374  879  887
240175406  252  259  362  369
225376632  382  387  801  807
225277171  605  610  492  498
225377316  431  436  538  544
225377415  411  416  638  645
240077118  720  726  372  380
224978993 1007 1012  845  851
225078638  863  868  802  809
225178667  722  728  713  720
240078741  731  738  272  280
225279012  518  523  935  941
225279371  619  627  390  400
225379687  380  385  782  789
225379866  403  409  662  669
240079057  695  700  459  465
225080245  840  845  914  921
225080380  893  900  631  639
225080558  870  875  753  759
225080920  821  826 1010 1016
225280346  525  531  882  890
225280363  633  646  300  311
225380037  441  448  449  458
225380471  339  347  992 1000
225580912   53   59  711  719
240080129  697  701  426  431
240080147  747  753  160  167
240080969  761  768   62   71
240180758  111  115  973  979
240180964  180  185  601  607
225181160  834  842  108  116
225181381  678  683  924  931
225381033  342  347  975  981
225381919  353  358  910  916
225581573   69   76  619  627
224982180  994 1004  872  881
225082510  889  895  634  642
225282925  512  517  930  937
240082026  693  699  394  402
240082176  578  583 1002 1007
240082594  701  708  340  348
240182569  232  239  284  292
225083042  941  948  354  363
225083142  833  838  926  933
225183076  671  676  947  954
225183438  735  740  606  613
225183634  656  671 1008 1018
225383901  354  359  888  894
225483151  283  306  354  366
239983943 1070 1074  776  781
225384722  423  428  514  521
240084763  574  579  957  963
224985777  996 1001  849  855
224986123  968  974  991  999
224986579 1053 1058  543  549
225186092  780  787  344  353
225286106  589  594  497  504
225586107  148  159  153  165
239986722 1070 1074  706  711
224987201 1004 1009  792  799
225087320  837  843  871  878
225187289  671  677  911  918
225187905  676  681  879  886
225287022  578  583  548  554
225287301  543  548  731  737
239987265 1054 1059  776  781
240087389  575  580  888  894
240087988  552  556  995 1001
240187325  109  114  814  820
240187826  232  239  145  154
224988583  963  968  999 1006
225188021  652  657 1010 1016
225188222  754  760  466  473
225388143  394  400  636  642
225089585  848  853  795  802
225189255  688  693  807  813
225389243  387  394  659  667
225389729  318  324 1025 1032
239990751 1080 1084  555  560
240090159  645  650  453  459
240090420  550  555  947  953
225091660  934  943  319  328
225191400  806  813  165  174
225291118  663  671   67   76
225391326  379  385  687  694
225391486  324  330  978  985
225391489  355  360  815  821
225491063  153  158  994 1001
225591481  152  159   98  106
225092562  851  857  751  758
225292505  531  537  746  753
225392875  414  419  492  498
225492275  189  195  793  801
239992662 1016 1021  845  850
225093503  911  917  433  439
225193205  747  753  459  466
225193714  727  733  563  570
225293082  598  606  385  393
225293733  598  605  376  385
224994474 1003 1010  738  746
224994499 1000 1005  759  765
225094106  943  950  249  258
225194094  786  794  245  254
225194241  747  752  454  461
225194485  711  718  636  645
240194986  162  169  330  338
224995866  946  951 1031 1038
224995992 1081 1088  316  324
225095051  891  896  519  527
225095653  830  836  835  842
225195892  644  649  985  991
225295854  540  546  669  676
225295891  594  601  381  390
225395392  369  375  702  709
225395412  382  388  636  642
225395571  348  353  811  818
225595194  104  114  309  319
240095350  589  593  622  628
240095601  619  623  461  466
224996475 1068 1075  375  384
225096792  911  919  398  407
225196439  682  688  773  781
225396332  329  334  908  914
225496056  154  160  945  952
240096068  516  521  990  996
240096532  578  583  652  658
225097273  895  900  481  488
225197560  640  645  992  998
225297511  471  477 1021 1028
225397272  311  317  997 1003
240197988  199  207   60   69
224998073 1072 1080  350  358
225098099  969  978   89   98
225098900  880  886  547  554
240098293  504  509 1002 1007
225099541  953  973  143  155
225199506  633  638 1011 1017
225199915  716  723  562  570
225199916  741  747  438  445
225299749  590  600  361  371
240199834  142  148  311  319
225428041  356  401  451  460
225428041  377  385  450  450
225428041  376  386  461  462
225152827  713  805  923  931
225152827  750  766  921  922
225152827  750  768  932  935
225157150  737  779  785  792
225157150  754  762  783  784
225157150  753  763  793  795
225369219  354  373  996 1003
225369219  360  367  994  995
225369219  360  368 1004 1005
225079974  872  894  720  729
225079974  879  888  718  719
225079974  880  887  730  730
225086303  841  875  828  835
225086303  855  863  826  827
225086303  854  863  836  837
225291476  547  571  648  656
225291476  553  564  646  647
225291476  555  565  657  658
225294471  571  605  490  497
225294471  585  593  488  489
225294471  584  593  498  499
