223901072  849  859  266  276
223902057  742  754  726  738
223903293  740  752  726  736
223903889  684  692  981  989
223704673 1033 1043  813  823
223804616 1024 1035  160  172
224004569  588  595  702  711
224005838  683  693  272  282
224205093  375  385  183  193
224205261  370  381  211  222
224305386   52   60  870  879
223906564  684  696  947  959
224007637  583  595  697  707
224208324  277  288  591  601
224208723  227  235  816  825
224308411   26   37  959  970
223809725 1039 1050   64   74
223810511  997 1008  241  252
224211368  225  235  802  812
224112121  386  398  812  824
224112999  434  446  597  609
224213356  384  396   83   93
224114759  427  439  614  626
224314754   25   35  918  928
243914151  380  388  989  998
223815859 1008 1019  157  168
224218684  191  202  890  902
224318789   59   69  730  740
224319791   80   93  620  632
223720056 1096 1106  428  438
224120607  469  479  391  401
224221137  317  324  325  333
223823878  990  998  182  191
223924886  652  661  978  987
223925643  844  854  122  132
224225584  252  261  575  584
243925438  298  305 1002 1011
224226945  188  200  847  857
243927650  283  290  996 1005
200128019  282  286 1001 1005
200128020  287  291 1001 1005
200128021  292  296 1001 1005
200128022  297  301 1001 1005
200128023  302  306 1001 1005
200128024  307  311 1001 1005
200128025  277  281 1006 1010
200128026  282  286 1006 1010
200128027  287  291 1006 1010
200128028  292  296 1006 1010
200128029  297  301 1006 1010
200128030  302  306 1006 1010
200128031  307  311 1006 1010
200128032  312  316 1006 1010
200128033  272  276 1011 1015
200128034  277  281 1011 1015
200128035  282  286 1011 1015
200128036  287  291 1011 1015
200128037  292  296 1011 1015
200128038  297  301 1011 1015
200128039  302  306 1011 1015
200128040  307  311 1011 1015
200128041  312  316 1011 1015
200128042  317  321 1011 1015
200128043  272  276 1016 1020
200128044  277  281 1016 1020
200128045  282  286 1016 1020
200128046  287  291 1016 1020
200128047  292  296 1016 1020
200128048  297  301 1016 1020
200128049  302  306 1016 1020
200128050  307  311 1016 1020
200128051  312  316 1016 1020
200128052  317  321 1016 1020
200128053  272  276 1021 1025
200128054  277  281 1021 1025
200128055  282  286 1021 1025
200128056  287  291 1021 1025
200128057  292  296 1021 1025
200128058  297  301 1021 1025
200128059  302  306 1021 1025
200128060  307  311 1021 1025
200128061  312  316 1021 1025
200128062  317  321 1021 1025
200128063  272  276 1026 1030
200128064  277  281 1026 1030
200128065  282  286 1026 1030
200128066  287  291 1026 1030
200128067  292  296 1026 1030
200128068  297  301 1026 1030
200128069  302  306 1026 1030
200128070  307  311 1026 1030
200128071  312  316 1026 1030
200128072  317  321 1026 1030
200128073  272  276 1031 1035
200128074  277  281 1031 1035
200128075  282  286 1031 1035
200128076  287  291 1031 1035
200128077  292  296 1031 1035
200128078  297  301 1031 1035
200128079  302  306 1031 1035
200128080  307  311 1031 1035
200128081  312  316 1031 1035
200128082  317  321 1031 1035
200128083  272  276 1036 1040
200128084  277  281 1036 1040
200128085  282  286 1036 1040
200128086  287  291 1036 1040
200128087  292  296 1036 1040
200128088  297  301 1036 1040
200128089  302  306 1036 1040
200128090  307  311 1036 1040
200128091  312  316 1036 1040
200128092  317  321 1036 1040
200128093  277  281 1041 1045
200128094  282  286 1041 1045
200128095  287  291 1041 1045
200128096  292  296 1041 1045
200128097  297  301 1041 1045
200128098  302  306 1041 1045
200128099  307  311 1041 1045
200128100  312  316 1041 1045
200128915  280  314 1009 1043
200128923   12   22  897  907
223728296 1046 1056  592  602
223930662  721  731  627  637
224130233  319  326  994 1002
243930605  263  270  999 1008
224131080  311  320 1022 1031
223932661  821  832  172  183
224332143   86   98  508  520
224233802  150  159  970  979
223835260  910  924  444  456
223936448  777  786  343  352
224036764  606  618  389  401
224237073  338  352   99  111
223838885  881  893  542  554
223938753  744  756  457  469
224138371  415  426  498  510
223840312  829  837  775  784
224043195  552  560  587  596
224043358  671  680   65   75
224243430  273  280  352  361
224145601  287  293 1025 1033
223846576  897  905  437  445
223648914 1085 1096  961  973
251248381  877  884  905  914
251248386  146  153  822  831
251248403  576  583  600  609
251248408  154  161  397  406
251248412  305  312  652  660
251248414  821  828  708  717
251248419  149  156  671  680
251248424  598  605  552  561
251248447  170  180  435  445
251248648  229  238  926  935
251248649   23   32  866  875
251248652  148  156  657  666
251248653  662  669  412  421
251248654 1077 1084  347  356
224350956  121  132  218  229
224151341  409  422  425  437
224053677  471  479  873  882
224055706  460  470  907  917
223756098 1008 1016  569  578
223756575  920  930  954  964
224158135  269  278 1011 1020
224258716   96  105 1024 1033
224159189  267  273 1012 1020
223760539 1081 1091  216  228
223760961  925  937  889  901
223960302  609  621  908  920
223761257  955  964  767  776
223761953  965  980  708  720
224161107  449  461  183  194
224262903  210  222  472  484
224063665  629  639   94  106
224263924  295  309   96  108
224064810  604  616  195  207
224264048  210  221  468  480
224264348  111  120  912  921
224165410  455  466  125  137
224265865  154  162  708  718
224066562  582  589  293  302
223769514  966  976  664  673
223869987  946  958   52   64
223869999  945  957   52   64
224169252  431  442  205  215
224271035  276  288  130  141
224072494  481  492  688  699
224173652  243  250 1005 1014
224273534  211  223  388  400
223875695  848  856  447  456
223975961  693  708  430  442
224175872  404  415  271  282
224175983  250  260  957  967
223677300 1036 1047  988 1000
224077416  577  589  228  240
224077659  624  635   22   33
224078814  617  625   54   62
224278948   77   86  956  965
223779931  963  974  595  607
224081057  612  623   49   61
224181689  233  241  989  998
224182397  229  240 1002 1012
224182571  435  446   87   98
224182602  229  237 1002 1011
223983332  596  607  815  826
224083615  464  473  690  699
224087101  506  518  466  478
224087320  468  480  633  645
224287270  139  147  616  625
224388808   82   90  112  122
224389411   81   89  110  119
223891927  840  850  368  378
223991004  651  662  515  526
224091419  524  536  353  365
224091786  518  526  390  399
224291476  195  211  325  337
223793889  882  892  862  872
223993138  735  745  131  142
224395708   71   83  108  119
223897008  843  853  323  333
223997155  531  541 1006 1016
224097075  542  554  233  245
223898675  908  917   29   38
224098590  370  379  998 1007
223699648 1034 1046  833  845
223999325  681  693  326  337
223999380  677  687  345  355
