223901072  816  827  253  264
223902057  711  723  714  726
223903293  709  721  714  724
223903889  655  663  969  977
223704673 1003 1013  799  809
223804616  991 1001  147  157
224004569  558  566  690  698
224005838  650  660  260  270
224205093  341  353  172  182
224205261  336  347  201  212
224305386   22   31  861  870
223906564  655  667  935  947
224007637  552  564  686  696
224208324  245  257  581  591
224208723  196  204  807  816
223809725 1004 1014   51   61
223810511  963  974  227  237
224211368  195  206  792  803
224112121  356  368  802  814
224112999  402  414  586  598
224213356  350  361   74   85
224114759  395  407  603  615
243914151  350  357  979  988
223815859  974  985  143  154
224218684  163  173  881  891
224318789   28   40  721  731
224319791   50   65  610  622
223720056 1064 1075  413  424
224120607  437  448  380  391
224221137  284  291  315  323
223823878  956  963  169  178
223924886  622  631  966  975
223925643  810  820  109  119
224225584  221  230  565  574
243925438  270  277  992 1000
224226945  158  170  838  848
243927650  254  261  986  995
223728296 1015 1024  578  588
223930662  690  700  615  625
224130233  290  297  984  992
243930605  235  242  990  998
224131080  282  292 1012 1022
223932661  787  798  159  171
224332143   53   66  499  511
224233802  120  130  961  970
223835260  878  891  431  443
223936448  744  753  330  339
224036764  574  585  378  389
224237073  304  318   89  101
223838885  850  862  528  540
223938753  712  724  444  456
224138371  382  394  487  499
223840312  799  807  762  771
224043195  521  529  576  585
224043358  636  646   54   64
224243430  240  247  343  352
224145601  257  264 1015 1024
200146444  253  257  991  995
200146445  258  262  991  995
200146446  263  267  991  995
200146447  268  272  991  995
200146448  273  277  991  995
200146449  278  282  991  995
200146450  248  252  996 1000
200146451  253  257  996 1000
200146452  258  262  996 1000
200146453  263  267  996 1000
200146454  268  272  996 1000
200146455  273  277  996 1000
200146456  278  282  996 1000
200146457  283  287  996 1000
200146458  243  247 1001 1005
200146459  248  252 1001 1005
200146460  253  257 1001 1005
200146461  258  262 1001 1005
200146462  263  267 1001 1005
200146463  268  272 1001 1005
200146464  273  277 1001 1005
200146465  278  282 1001 1005
200146466  283  287 1001 1005
200146467  288  292 1001 1005
200146468  243  247 1006 1010
200146469  248  252 1006 1010
200146470  253  257 1006 1010
200146471  258  262 1006 1010
200146472  263  267 1006 1010
200146473  268  272 1006 1010
200146474  273  277 1006 1010
200146475  278  282 1006 1010
200146476  283  287 1006 1010
200146477  288  292 1006 1010
200146478  243  247 1011 1015
200146479  248  252 1011 1015
200146480  253  257 1011 1015
200146481  258  262 1011 1015
200146482  263  267 1011 1015
200146483  268  272 1011 1015
200146484  273  277 1011 1015
200146485  278  282 1011 1015
200146486  283  287 1011 1015
200146487  288  292 1011 1015
200146488  243  247 1016 1020
200146489  248  252 1016 1020
200146490  253  257 1016 1020
200146491  258  262 1016 1020
200146492  263  267 1016 1020
200146493  268  272 1016 1020
200146494  273  277 1016 1020
200146495  278  282 1016 1020
200146496  283  287 1016 1020
200146497  288  292 1016 1020
200146498  243  247 1021 1025
200146499  248  252 1021 1025
200146500  253  257 1021 1025
200146501  258  262 1021 1025
200146502  263  267 1021 1025
200146503  268  272 1021 1025
200146504  273  277 1021 1025
200146505  278  282 1021 1025
200146506  283  287 1021 1025
200146507  288  292 1021 1025
200146508  243  247 1026 1030
200146509  248  252 1026 1030
200146510  253  257 1026 1030
200146511  258  262 1026 1030
200146512  263  267 1026 1030
200146513  268  272 1026 1030
200146514  273  277 1026 1030
200146515  278  282 1026 1030
200146516  283  287 1026 1030
200146517  288  292 1026 1030
200146518  248  252 1031 1035
200146519  253  257 1031 1035
200146520  258  262 1031 1035
200146521  263  267 1031 1035
200146522  268  272 1031 1035
200146523  273  277 1031 1035
200146524  278  282 1031 1035
200146525  283  287 1031 1035
200146526  253  257 1036 1040
200146527  258  262 1036 1040
200146528  263  267 1036 1040
200146529  268  272 1036 1040
200146530  273  277 1036 1040
200146531  278  282 1036 1040
223846576  864  873  423  432
200147353  251  285  999 1033
223648914 1057 1069  947  958
251248381  848  854  893  901
251248386  116  123  813  822
251248403  545  551  589  597
251248408  122  129  388  397
251248412  273  280  642  651
251248414  791  797  696  704
251248419  118  125  662  671
251248424  568  574  541  549
251248447  138  148  426  436
251248648  200  209  916  925
251248652  117  125  648  657
251248653  630  639  399  408
251248654 1044 1054  333  343
224350956   87   97  210  220
224151341  377  391  414  426
224053677  441  449  862  871
224055706  431  440  896  905
223756098  976  983  556  565
223756575  891  900  941  950
224158135  240  248 1002 1010
224258716   67   76 1015 1024
224159189  237  244 1002 1011
223760539 1048 1059  201  211
223760961  896  908  876  888
223960302  579  591  897  909
223761257  925  934  753  762
223761953  934  949  694  706
224161107  415  427  173  183
224262903  178  190  463  475
224063665  596  607   82   94
224263924  259  273   86   98
224064810  571  585  182  194
224264048  178  190  458  470
224264348   82   91  903  912
224165410  420  432  114  126
224265865  124  132  699  708
224066562  548  555  282  291
223769514  935  944  651  660
223869987  912  923   39   51
223869999  911  923   39   51
224169252  397  408  195  206
224271035  241  253  120  132
224072494  451  462  677  688
224173652  215  223  995 1003
224273534  178  190  379  391
223875695  815  823  434  443
223975961  660  675  418  430
224175872  371  382  261  272
224175983  220  232  946  956
223677300 1006 1017  974  986
224077416  544  556  216  228
224078814  582  590   42   51
224278948   48   56  948  957
223779931  930  942  581  593
224081057  578  590   37   49
224181689  204  211  980  989
224182397  200  210  993 1003
224182571  399  411   76   88
224182602  200  207  993 1001
223983332  565  576  804  815
224083615  432  442  679  689
224087101  474  486  455  467
224087320  437  449  622  634
224287270  108  117  607  616
224388808   48   55  104  113
224389411   47   55  102  111
223891927  807  819  355  365
223991004  619  629  504  514
224091419  491  504  341  353
224091786  485  494  379  389
224291476  162  182  313  325
223793889  852  862  849  859
223993138  701  711  119  130
224395708   37   48  100  111
223897008  810  820  310  320
223997155  502  512  995 1005
224097075  509  521  222  234
224098590  341  350  988  997
223699648 1004 1016  819  831
223999325  648  659  315  326
223999380  644  655  333  344
