225000456 1037 1043  602  609
225100318  924  932  394  403
225100934  809  815  979  986
225300403  594  603  427  437
225400119  405  410  560  567
225101328  920  925  414  420
225201718  765  773  384  393
225301143  486  491  984  990
225401324  316  322 1004 1011
225401803  350  355  825  832
240101921  588  592  555  561
240201139  103  108  569  576
225002543  974  980  907  915
225002606 1075 1083  386  396
225202048  725  731  591  598
225302069  520  525  801  807
225302169  544  549  680  686
225402689  318  324  983  990
225602160   17   32  783  793
240102464  596  601  505  510
225003594  988  994  831  838
225103523  828  834  863  870
225303532  481  486  989  996
225004571 1000 1006  760  768
225004682  963  970  949  957
225104915  817  822  908  915
225104922  835  840  817  824
225304430  539  545  682  689
240004633  982  986  814  820
240204788  149  156  240  248
240204954  141  147  278  286
225105263  951  959  218  227
225205461  700  706  690  697
225205721  656  662  912  919
225405497  381  387  635  641
240105025  506  511  900  906
240205109  141  148  269  278
225106594  937  945  281  289
225206428  779  787  274  283
225506417  217  223  604  611
240006438  939  944  992  998
240106160  522  527  789  795
225107651  895  900  489  495
225207476  683  689  758  765
225207849  712  720  606  614
225307376  550  556  600  607
225307954  592  600  375  384
225008699 1081 1089  315  324
225008936 1027 1033  591  598
225208138  762  772  341  351
225308165  574  579  476  482
225308175  517  523  765  771
225308627  567  573  505  511
240108151  486  490  931  936
225009052 1053 1058  462  468
225009242 1037 1042  538  545
225109906  861  867  643  651
225209843  732  738  488  496
225309250  574  579  466  472
225309255  594  601  355  364
225409766  325  330  890  896
225010273 1008 1014  675  682
225010952 1087 1094  263  272
225310310  511  516  778  784
225410493  323  329  893  899
225410706  344  350  780  787
225410982  392  398  533  540
240110861  599  606  287  294
225211309  676  681  764  771
225211794  709  714  594  600
225311781  597  604  316  325
240111664  481  486  872  878
225412887  310  315  940  946
240012627 1014 1019  465  471
240112095  568  574  413  421
240112530  615  622  160  169
225013256 1080 1089  285  295
225213852  639  648  926  935
225213866  730  735  471  477
225313857  562  568  486  493
225413741  303  308  970  976
240213268   21   26  688  694
225014433  976  982  807  814
225214068  721  726  512  519
225214259  671  677  764  772
240214646   74   81  372  381
225215005  719  724  514  521
225215454  677  684  725  733
225315608  583  591  356  366
225415691  376  383  572  581
240115883  577  584  280  287
225216907  794  802  119  128
225416795  353  368  670  680
225416828  312  319  894  902
240116623  540  547  445  453
224917141 1090 1096  978  985
225317516  560  564  467  473
225317966  578  585  366  375
225317979  527  533  629  635
225417531  341  347  736  745
240017985 1042 1049  198  205
240217427  126  133   43   52
225018313 1090 1097  193  202
225018351  961  966  856  862
225018422 1027 1032  521  527
225218424  690  697  634  642
225318272  463  468  954  961
225318495  522  527  654  660
225418887  339  345  739  746
225518383  115  121 1025 1032
225618802  111  121  165  176
224919359 1094 1099  944  950
225219321  698  704  582  590
225219499  675  680  701  708
225319072  540  546  553  561
225419278  372  377  565  572
225519750  285  294  134  144
240019340 1054 1061  101  110
240119144  555  561  312  320
240119454  556  563  295  304
225020506  937  943  958  966
225220892  628  633  931  937
225420708  347  356  670  680
225021992 1068 1075  279  288
225221635  700  706  556  564
225421169  364  369  591  598
225421316  351  357  652  660
225421430  471  478   40   49
225022678 1079 1088  216  226
225122068  801  806  849  856
225222490  795  803   64   74
225322713  477  482  845  852
225422274  285  290  990  996
240222142   15   22  487  495
225223148  671  677  692  698
225223415  675  683  665  674
225223950  614  619  978  985
225323282  467  472  893  899
225323510  565  572  382  391
225423175  358  363  607  613
225423385  275  281 1031 1038
225024141 1086 1094  172  181
225224918  692  698  567  575
225224955  621  627  932  939
225424397  306  311  863  869
225424521  345  350  662  668
225524609  164  170  716  724
224925143 1069 1075 1025 1032
225225771  765  773  189  198
225425212  355  360  605  611
240125469  454  458  676  682
225026455 1008 1014  550  558
225326053  546  552  467  474
225326517  485  490  773  779
225426091  305  311  848  856
225426625  356  361  585  592
225426674  351  356  612  618
240026923  898  902  731  736
225027021  931  937  942  950
225027824  976  982  707  713
225227371  726  733  372  381
225227649  721  729  392  401
225327388  491  496  737  744
225427796  345  351  629  637
225028704  922  928  974  981
225228514  608  613  973  979
225428030  273  278 1004 1009
225628671   18   27  554  564
225129256  873  879  425  432
225129964  890  899  329  339
225329399  543  550  444  453
225329718  519  524  573  580
225429076  337  343  662  669
225429668  268  274 1012 1019
225529277  274  281  109  118
225030769  938  943  877  883
225130544  781  786  887  893
225130986  929  938  123  134
225330834  507  514  623  631
224931173 1094 1100  847  855
225131545  904  911  243  252
225331884  494  500  682  689
225331972  450  455  908  914
225431881  327  332  685  692
225032457 1035 1044  362  372
225132172  861  867  465  472
225332377  466  470  822  828
225332524  531  536  486  493
225332752  523  529  527  534
225033756  912  923  977  987
225133387  765  771  943  950
225233041  639  644  773  780
225233416  703  708  441  448
225333532  606  613   91  100
240033397  913  918  503  508
240033952  816  820  985  990
225134870  843  848  535  541
225334976  487  492  695  701
240134073  356  360  971  976
240134713  426  431  590  596
224935244 1089 1094  844  851
225135254  777  782  870  876
225235823  692  698  479  487
240135786  356  360  925  931
225036343  989  994  576  582
225036920 1057 1065  220  229
225136103  762  767  937  944
225136809  802  809  723  731
225236559  617  622  859  865
225236600  583  589 1032 1039
225336451  441  446  917  923
225137088  812  817  677  683
225137446  845  851  504  510
225337629  534  541  425  434
225038689  956  962  722  729
225038715  930  935  857  863
225338140  447  453  869  876
240138102  366  370  817  822
225039363 1041 1048  283  292
225439223  315  321  682  689
225040073  996 1002  509  516
225040519  942  947  778  785
225040859 1038 1045  284  293
225340117  457  462  801  808
225340261  465  471  760  767
225340646  433  438  924  930
225340838  467  472  744  751
225340993  468  473  736  744
225440861  271  276  895  902
225540109   93   99  946  953
240040001  823  828  809  814
240140071  362  366  786  792
240140078  438  445  385  394
225041422  959  965  683  690
240141443  351  356  805  811
224942558 1088 1093  796  801
224942694 1072 1077  876  882
224942841 1074 1078  864  870
225042947  930  935  822  829
225242076  672  677  528  535
225242380  616  623  809  818
225242771  710  717  323  332
240042513  771  775 1020 1025
224943540 1042 1049 1017 1025
224943940 1100 1105  722  728
225143218  779  785  794  801
225243873  715  723  291  300
225443250  277  283  842  849
225443268  241  248 1024 1032
225443515  260  265  928  935
225443892  257  263  939  947
240043729  840  845  633  639
240143797  353  357  737  743
240143908  408  415  446  454
225244108  604  609  861  868
225344399  433  438  890  896
225344921  415  420  977  983
240144093  442  449  274  281
225145188  856  864  379  388
225245815  624  629  741  748
225345224  406  413 1022 1029
225345416  525  533  403  412
225345662  514  519  466  472
225545104  116  122  785  792
225545913  114  119  785  792
240145361  375  379  588  594
240145785  452  459  183  190
225046708 1037 1045  246  255
225246405  583  589  951  958
240146069  475  482   53   62
225147401  883  890  225  234
225147766  746  751  928  935
225247903  627  632  710  717
225347069  512  517  465  471
225347146  428  434  890  897
225347483  508  514  477  485
225647231   67   74  153  161
224948887 1046 1052  956  963
225048555  939  945  732  739
225048843 1058 1076  108  119
225148910  872  880  269  278
251248361   62   70  146  155
251248503  621  626  855  861
251248504  160  167  372  381
251248593  937  942  689  695
251248597  184  191  460  469
251248679  321  325  993  998
251248713  399  404  745  751
251248720   46   51  876  882
251248726  594  598  828  833
251248728  384  391  396  405
251248729  553  560  382  390
251248756  474  478  686  692
251248761  111  117  289  297
251248773  657  662  626  631
251248795  840  846  214  222
251248806  779  785  128  135
251248816  733  738  978  984
251248822  764  768  877  882
251248843  204  211  107  115
251248851  649  655   40   48
251248858  204  209  922  928
251248859  115  122  438  447
251248864  552  559  431  438
251248917  196  202  136  143
251248930  280  287   47   56
251248935  487  492  511  516
251248964  696  701  579  585
251248970  216  223  149  156
251248989   37   43  285  293
251248997  145  150  869  875
224949080 1037 1042 1004 1010
225249160  581  587  936  943
225449216  263  269  864  871
225449948  245  250  949  956
251249004  137  141  690  695
225050063  972  978  553  559
225050366  947  952  678  684
225050415  988  994  466  474
225050441 1025 1032  272  281
225150299  831  837  473  479
225150611  861  868  309  318
225350228  521  529  386  394
225550449  141  151  597  607
240150565  274  279  965  971
225351226  490  495  542  548
225351445  506  513  447  456
225351700  442  450  778  786
225451332  250  255  913  920
225152011  775  781  744  751
225152115  750  755  870  876
225152358  788  794  671  679
225152490  769  774  770  777
225252474  572  577  955  961
225352251  438  444  797  804
225452744  269  275  802  809
240152757  295  300  808  814
224953939 1064 1069  827  833
225153417  744  750  889  896
225353118  504  512  445  454
225453112  238  243  959  966
240053046  856  863  335  342
240153597  413  420  177  186
240153652  310  315  710  716
225054688  945  950  653  660
225254259  610  615  743  750
225254281  572  577  943  949
225354824  554  563  182  191
240154770  377  384  334  342
225055204 1068 1075   28   36
225155379  714  720 1027 1035
225255035  742  752   61   72
225255631  583  589  869  877
225355731  461  467  648  656
225456697  285  290  687  693
240156503  428  435   31   40
224957002 1098 1103  628  634
224957825 1088 1094  671  678
225257285  610  616  718  725
225357137  485  490  514  521
225357181  467  473  609  616
225457659  234  240  938  945
225058891  987  992  409  415
225158167  813  818  501  507
225158662  863  871  237  247
225158834  715  720  998 1004
225258627  554  559  997 1003
225458689  250  255  848  855
240058271  721  726  901  907
240058579  742  747  790  795
224959118 1054 1059  835  841
225059451  977  982  457  463
225159086  721  727  962  969
225159214  775  780  685  691
225159433  723  728  947  954
225259560  640  645  546  553
225459339  227  233  959  967
225559575  177  184  338  347
225559894  126  131  603  609
240059279  714  718  916  922
225060221 1011 1019  270  279
225060276  879  884  950  956
225060529  870  875  995 1001
225260744  552  557  988  994
225360295  477  483  531  537
225360329  385  390 1004 1010
225360413  434  440  749  756
225360711  482  487  500  507
225261197  543  548 1033 1039
225361976  376  382 1033 1040
225461305  253  258  811  817
225461723  248  254  830  837
224962935 1056 1061  797  803
225362981  446  452  665  672
240062340  692  697  960  965
225063006  950  956  564  571
225063543  888  894  874  882
225063755  899  907  810  819
225463315  234  240  889  896
225064088 1009 1016  252  261
225064255 1042 1050   85   95
225164082  798  804  526  534
225164117  728  733  886  893
225164861  711  716  965  972
225264082  643  648  494  501
225264647  658  665  404  413
225264980  592  599  745  753
225364726  424  429  762  769
240064752  834  840  177  184
225065248  978  983  404  410
225065885 1016 1024  203  212
225265009  589  595  759  766
225365808  515  535  272  284
225365911  467  472  534  540
225465601  204  210 1027 1033
240165679  372  379   80   89
224966141 1065 1070  726  733
224966592 1082 1087  638  644
224966892 1033 1038  885  891
225166215  832  840  331  340
225266508  556  562  916  923
240166944  333  340  246  255
224967301 1079 1084  645  651
225067098  925  930  662  668
225167298  700  705 1002 1009
225367552  485  494  420  430
240067236  812  819  221  230
224968123 1057 1062  754  760
225068079  939  945  579  586
225068630  865  870  957  963
225268141  641  647  469  476
225268476  604  610  657  664
225368217  455  461  574  581
225468459  202  209 1009 1017
240168531  198  202  904  910
224969092 1077 1083  642  648
225169149  727  732  848  855
225269771  574  579  796  803
225369388  471  477  479  488
240069324  686  691  821  827
225170308  805  811  442  449
225170743  688  695 1031 1039
225170868  716  723  887  896
240170298  232  237  681  687
240170774  175  180  963  969
225071840  955  960  470  477
225171429  704  710  946  953
225271107  575  580  781  788
225271186  548  555  916  925
225571813  215  223   40   50
240171866  313  320  230  237
225072829  846  854 1016 1025
225172756  750  755  702  708
225272145  612  618  584  591
225372269  404  409  802  809
225372822  433  438  649  656
240072313  703  708  668  673
224973041 1069 1074  653  659
225173672  809  816  389  398
225373523  412  417  751  757
225473551  240  246  768  775
224974151 1037 1044  803  811
224974229  997 1002 1008 1015
225074255 1007 1014  183  192
225174681  712  718  881  887
225274255  597  602  646  652
225274602  690  698  164  173
225374633  374  379  936  943
225374697  363  369  995 1001
225474050  345  352  228  236
225275788  652  660  346  355
225375641  384  390  875  882
240175406  270  276  358  366
225376632  398  403  797  803
225277171  623  628  489  495
225377316  448  453  534  541
225377415  428  433  634  641
240077118  738  744  370  378
224978993 1022 1027  844  851
225078638  879  884  801  808
225178667  739  745  711  718
240078741  750  757  270  278
225279012  533  538  932  939
225279371  638  646  387  396
225379687  396  401  778  785
225379866  419  425  658  665
240079057  713  718  457  463
225080245  855  861  912  919
225080380  909  916  630  639
225080558  886  891  752  758
225080920  835  841 1008 1015
225280346  541  547  879  886
225280363  652  666  298  309
225380037  460  468  445  453
225380471  353  360  988  996
225580912   70   76  705  712
240080129  715  720  423  428
240080147  766  772  158  166
240080969  782  788   61   69
240180758  126  131  967  973
240180964  197  202  596  602
225181160  853  860  107  116
225181381  693  699  921  928
225381033  357  362  971  977
225381919  368  373  906  913
225581573   86   94  613  621
225681685   19   30   93  105
224982180 1010 1021  872  882
225082510  906  912  633  640
225282925  528  533  927  933
240082026  710  717  391  400
240082176  593  598  999 1004
240082594  719  725  338  346
240182569  251  258  279  286
225083042  959  966  353  362
225083142  848  854  924  931
225183076  686  691  944  951
225183438  752  757  604  611
225183634  671  686 1006 1016
225383901  369  374  884  890
239983943 1086 1091  775  780
225384722  441  446  510  516
240084763  589  594  954  960
224985777 1011 1016  849  856
224986123  983  989  990  998
224986579 1070 1076  542  549
225186092  798  805  342  351
225286106  607  613  494  501
225586107  168  179  148  158
225686169   16   23   78   87
225686521   26   33   23   32
239986722 1086 1090  706  712
224987201 1020 1026  791  798
225087320  852  857  870  877
225187289  686  692  909  916
225187905  692  698  876  883
225287022  595  601  545  552
225287301  559  564  728  735
239987265 1070 1075  776  781
240087389  591  595  886  891
240087988  567  571  992  998
240187325  125  130  809  814
240187826  253  260  140  148
224988583  978  984  998 1004
225188021  666  672 1007 1014
225188222  772  778  464  471
225388143  411  416  633  639
225089585  864  870  793  800
225189255  704  710  804  810
225389243  404  411  655  663
225389729  332  338 1021 1029
239990751 1097 1101  555  561
240090159  663  668  451  457
240090420  565  570  944  950
225091660  952  961  318  328
225191400  826  834  163  171
225291118  683  691   64   73
225391326  395  400  684  691
225391486  339  345  974  980
225391489  370  376  810  818
225491063  168  174  988  995
225591481  172  180   92  100
225092562  868  873  750  756
225292505  547  553  743  750
225392875  431  437  488  495
225492275  205  211  788  796
239992662 1031 1035  845  851
225093503  929  935  432  438
225193205  765  771  457  464
225193714  744  750  561  568
225293082  615  622  383  392
225293733  616  623  373  382
224994474 1019 1026  737  745
224994499 1016 1021  758  764
225094106  962  969  248  257
225194094  805  812  244  253
225194241  765  770  452  458
225194485  728  735  634  642
240194986  181  187  325  333
224995866  961  966 1030 1036
224995992 1099 1106  316  325
225095051  909  915  517  524
225095653  846  851  834  841
225195892  658  664  982  989
225295854  557  562  666  672
225295891  612  619  378  387
225395392  386  392  698  705
225395412  399  405  632  638
225395571  364  369  807  814
225595194  123  133  304  314
240095350  606  611  619  625
240095601  637  642  458  463
224996475 1087 1094  375  384
225096792  929  937  397  406
225196439  699  705  770  777
225396332  344  349  904  911
225496056  170  176  940  946
240096068  531  536  987  993
240096532  595  600  649  655
225097273  913  918  480  487
225197560  655  661  989  995
225297511  486  491 1018 1024
225397272  326  331  993  999
240197988  219  227   55   64
224998073 1090 1098  350  359
225098099  988  996   89   99
225098900  897  903  546  553
240098293  518  522  999 1005
225099541  973  992  143  155
225199506  648  653 1009 1015
225199915  734  741  560  568
225199916  759  765  436  443
225299749  609  619  358  368
240199834  161  168  305  313
225406132  491  537   40   49
225406132  511  519   39   39
225406132  509  518   50   52
225428041  374  419  447  456
225428041  395  403  446  446
225428041  394  404  457  458
225152827  728  820  920  928
225152827  765  781  918  919
225152827  765  783  929  932
225157150  753  795  783  790
225157150  770  778  781  782
225157150  769  779  791  793
225369219  370  391  989  996
225369219  377  384  988  988
225369219  376  385  997  999
225079974  889  913  718  726
225079974  895  906  716  717
225079974  897  907  727  728
225483151  301  325  351  360
225483151  309  318  349  350
225483151  309  321  361  362
225086303  857  891  827  834
225086303  871  879  825  826
225086303  870  879  835  836
225291476  565  586  645  652
225291476  572  579  644  644
225291476  571  580  653  655
225294471  589  623  488  495
225294471  603  611  486  487
225294471  602  611  496  497
