221600263  429  438  933  942
221800376  651  658  579  588
221800650  156  166  680  690
222000695  444  451  340  347
222000940  559  566  316  323
221601156  121  133  994 1006
221601978  647  656  885  894
221801025  544  554  599  609
222001829  610  619  303  312
222101672  471  479  193  201
221602123  929  939  827  837
221702119  459  469  765  775
221902929  301  311  504  514
222102539  826  834  119  129
240603931 1057 1066  786  796
221604148  583  592  895  904
221604802  547  555  902  910
221704009  643  651  725  734
221704195  432  441  768  777
221804701  790  798  544  553
221904523   53   64  553  564
222004463  235  245  376  386
222104261  493  501  185  194
221805144  149  158  675  684
221805824  326  333  638  647
222005644 1032 1042  213  223
221706806 1100 1108  628  638
221706045  560  570  738  748
221706183  420  428  768  777
221706667  845  853  680  690
221806612  163  173  670  680
221806836  153  165  669  681
221906072  717  729  414  424
221906191  329  337  495  504
221607250  452  462  917  927
221607359  273  282  954  963
221607841 1008 1019  802  813
221707931  368  376  776  785
221807282  491  500  601  610
221907613  189  199  521  531
222007134 1027 1036  212  222
222107443  734  742  131  139
221608074  726  736  859  869
221908199  608  615  435  444
221908659  922  929  371  380
221709249  449  457  757  765
222009217  723  732  270  279
222109349  964  975   80   92
240709935  190  197  552  561
221710312  295  304  787  796
221710508  366  376  771  781
221810921  877  886  517  526
222110224  576  583  160  169
240610715 1072 1080  759  767
221611115  725  735  854  864
221711000 1021 1030  638  647
221911542  657  667  419  429
222011143  357  364  343  352
221812915  685  695  553  563
221912466  268  276  498  507
221912678  656  663  419  426
222012161   25   33  411  420
222012749  134  144  386  396
221613162  738  746  849  857
221913734  726  734  403  412
222013751  374  381  336  345
221614770  386  394  919  927
221814134  365  374  617  626
221814317  735  746  540  552
221814544  298  309  629  641
222014027 1004 1011  208  217
222015641 1097 1105  187  196
221615309  654  662  863  871
221615418  508  517  893  902
221615897  178  186  961  969
221715555  357  366  766  775
221715725  434  444  749  760
221815980  682  692  549  559
222015634   78   86  395  404
221616043  974  984  796  806
221616893  243  251  946  955
221816854  307  315  626  635
222016602  242  252  358  368
240616801 1032 1039  746  755
221617183  600  608  871  880
221617716  248  256  943  952
221717338  724  732  689  697
221717557  845  853  664  672
221917104  849  856  374  383
221917749  706  714  401  410
222117803   49   59  257  267
221718334  428  438  747  757
221718431  433  442  746  755
221718614  340  350  764  775
221718923  419  426  749  758
222018534  472  480  309  318
221719721  418  425  748  757
221719725  654  663  698  707
221819065  260  269  632  641
221919162  334  344  475  485
221919237  789  798  382  391
221919505  760  768  388  396
221919905   64   71  531  540
222119418  610  618  139  149
221620277  297  326  918  931
221620918  516  525  882  891
221820200   74   84  668  678
221920620  852  860  368  377
222020788  797  805  240  249
221521452  778  786  995 1003
222021666  662  670  266  275
221722278  932  940  640  648
221722985  730  739  678  687
221822065  361  373  605  617
221822431   51   63  669  681
222222568  365  375   44   54
221623174  625  635  855  865
221723218  800  810  663  673
221823476  923  932  490  499
221823709  916  990  458  471
222023676  951  958  205  214
222123994  350  360  185  195
221624617  537  545  872  881
221724921  273  282  769  778
221824370  183  192  640  649
221924092  548  558  423  435
221924146  720  728  390  399
222124534  772  779  100  109
221625052  385  393  903  911
221625394  125  136  955  967
221725112   55   63  815  824
221925526  996 1005  332  342
221925871  422  431  448  457
240725882  215  221  480  487
221626778  378  387  901  910
221726806  430  437  734  743
221726920  610  619  696  705
221826048 1045 1053  463  472
221826561  721  728  527  536
221826603   95  105  655  665
221926091 1020 1029  326  335
221926545  811  819  368  376
222026164  607  615  271  279
222026417  999 1009  190  200
221627134  576  587  858  870
221627815  292  304  915  927
221727312  340  351  750  761
221727890  987  995  619  628
221727891  215  225  776  786
221827760  506  514  569  578
221528457  694  703  999 1008
221628592  976  983  777  786
221728377  938  946  628  637
221828456  883  891  491  499
221928451  915  925  343  353
221928500  153  161  500  509
221928980  479  486  432  441
222028563  901  909  208  216
221529794  698  708  995 1006
221629321  832  844  802  814
221829306  998 1007  467  476
221929697  485  495  429  439
221630908  553  561  859  868
221730453  222  230  772  781
222030430  225  235  342  352
221531843  816  828  966  978
221631560  371  380  895  904
221731539  533  541  706  714
221731629  533  540  706  715
221831714  447  457  574  584
221931727  771  778  369  378
221632033  524  533  863  872
221632124  412  420  886  894
221632146  934  942  779  788
221632481  440  450  878  888
221832043  346  356  595  605
221932014  660  668  391  399
221932959  686  695  384  393
221733392  254  262  761  770
221733469  483  493  712  722
221733678  189  196  774  783
221733874  421  430  725  735
221833667  538  548  553  563
221933020  736  745  374  384
221933101  701  709  381  389
221933499  412  419  440  448
221933857  700  707  380  389
222033160  681  688  246  255
222033386  552  562  271  281
222033759  799  809  220  230
221934391  213  220  480  487
200135825   12   12  700  700
200135826   12   12  701  702
200135827   12   12  702  704
200135828   12   12  703  706
200135829   12   12  704  708
200135830   12   12  705  710
200135831   12   12  706  711
200135832   12   12  707  713
200135833   12   12  708  715
200135834   12   12  709  717
200135835   13   13  710  718
200135836   14   14  711  719
200135837   14   14  712  721
200135838   15   15  713  721
200135839   16   16  714  722
200135840   17   17  715  723
200135841   18   18  716  724
200135842   19   19  717  724
200135843   19   19  718  726
200135844   20   20  719  727
200135845   21   21  720  728
200135846   22   22  721  728
200135847   22   22  722  730
200135848   23   23  723  731
200135849   24   24  724  732
200135850   25   25  725  732
200135851   25   25  726  734
200135852   26   26  727  735
200135853   27   27  728  735
200135854   27   27  729  737
200135855   28   28  730  737
200135856   29   29  731  738
200135857   29   29  732  740
200135858   30   30  733  740
200135859   31   31  734  741
200135860   31   31  735  742
200135861   32   32  736  743
200135862   32   32  737  745
200135863   33   33  738  745
200135864   34   34  739  746
200135865   34   34  740  747
200135866   35   35  741  748
200135867   35   35  742  749
200135868   36   36  743  750
200135869   36   36  744  751
200135870   37   37  745  752
200135871   37   37  746  753
200135872   38   38  747  754
200135873   38   38  748  755
200135874   39   39  749  755
200135875   39   39  750  757
200135876   40   40  751  757
200135877   40   40  752  759
200135878   41   41  753  759
200135879   41   41  754  761
200135880   41   41  755  762
200135881   42   42  756  762
200135882   42   42  757  764
200135883   43   43  758  764
200135884   43   43  759  765
200135885   43   43  760  767
200135886   44   44  761  767
200135887   44   44  762  768
200135888   44   44  763  770
200135889   45   45  764  770
200135890   45   45  765  771
200135891   45   45  766  773
200135892   46   46  767  773
200135893   46   46  768  774
200135894   46   46  769  775
200135895   46   46  770  777
200135896   47   47  771  777
200135897   47   47  772  778
200135898   47   47  773  779
200135899   47   47  774  781
200135900   48   48  775  781
200135901   48   48  776  782
200135902   48   48  777  783
200135903   48   48  778  784
200135904   49   49  779  785
200135905   49   49  780  786
200135906   49   49  781  787
200135907   49   49  782  788
200135908   49   49  783  789
200135909   49   49  784  790
200135910   50   50  785  791
200135911   50   50  786  792
200135912   50   50  787  793
200135913   50   50  788  794
200135914   50   50  789  795
200135915   50   50  790  796
200135916   50   50  791  797
200135917   50   50  792  798
200135918   50   50  793  799
200135919   50   50  794  801
200135920   51   51  795  801
200135921   51   51  796  802
200135922   51   51  797  803
200135923   51   51  798  804
200135924   51   51  799  805
200135925   51   51  800  806
200135926   51   51  801  807
200135927   51   51  802  808
200135928   51   51  803  809
200135929   51   51  804  810
200135930   51   51  805  811
200135931   51   51  806  812
200135932   51   51  807  813
200135933   51   51  808  814
200135934   51   51  809  815
200135935   51   51  810  816
200135936   51   51  811  817
200135937   51   51  812  818
200135938   51   51  813  819
200135939   50   50  814  820
200135940   50   50  815  821
200135941   50   50  816  822
200135942   50   50  817  823
200135943   50   50  818  824
200135944   50   50  819  825
200135945   50   50  820  826
200135946   50   50  821  827
200135947   50   50  822  828
200135948   50   50  823  829
200135949   49   49  824  830
200135950   49   49  825  831
200135951   49   49  826  832
200135952   49   49  827  833
200135953   49   49  828  834
200135954   49   49  829  835
200135955   48   48  830  836
200135956   48   48  831  837
200135957   48   48  832  838
200135958   48   48  833  839
200135959   48   48  834  840
200135960   47   47  835  842
200135961   47   47  836  842
200135962   47   47  837  843
200135963   47   47  838  844
200135964   46   46  839  846
200135965   46   46  840  846
200135966   46   46  841  847
200135967   46   46  842  848
200135968   45   45  843  850
200135969   45   45  844  850
200135970   45   45  845  851
200135971   45   45  846  852
200135972   44   44  847  854
200135973   44   44  848  854
200135974   44   44  849  855
200135975   43   43  850  857
200135976   43   43  851  857
200135977   43   43  852  858
200135978   42   42  853  860
200135979   42   42  854  861
200135980   42   42  855  861
200135981   41   41  856  863
200135982   41   41  857  864
200135983   41   41  858  864
200135984   40   40  859  866
200135985   40   40  860  866
200135986   40   40  861  867
200135987   39   39  862  869
200135988   39   39  863  869
200135989   39   39  864  870
200135990   38   38  865  872
200135991   38   38  866  872
200135992   37   37  867  874
200135993   37   37  868  874
200135994   36   36  869  876
200135995   36   36  870  877
200135996   36   36  871  877
200135997   35   35  872  879
200135998   35   35  873  879
200135999   34   34  874  881
221835782  847  861  485  497
221936732 1106 1115  294  303
200136000   34   34  875  882
200136001   33   33  876  883
200136002   33   33  877  884
200136003   32   32  878  885
200136004   32   32  879  886
200136005   32   32  880  886
200136006   31   31  881  888
200136007   31   31  882  888
200136008   30   30  883  890
200136009   30   30  884  890
200136010   29   29  885  892
200136011   29   29  886  892
200136012   28   28  887  894
200136013   28   28  888  894
200136014   27   27  889  896
200136015   26   26  890  897
200136016   26   26  891  898
200136017   25   25  892  899
200136018   25   25  893  900
200136019   24   24  894  901
200136020   24   24  895  902
200136021   23   23  896  903
200136022   23   23  897  904
200136023   22   22  898  905
200136024   21   21  899  907
200136025   21   21  900  907
200136026   20   20  901  908
200136027   20   20  902  909
200136028   19   19  903  910
200136029   19   19  904  911
200136030   18   18  905  912
200136031   17   17  906  913
200136032   17   17  907  914
200136033   16   16  908  915
200136034   15   15  909  917
200136035   15   15  910  917
200136036   14   14  911  918
200136037   14   14  912  919
200136038   13   13  913  920
200136039   12   12  914  922
200136040   12   12  915  922
200136041   12   12  916  922
200136042   12   12  917  923
200136043   12   12  918  923
200136044   12   12  919  923
200136045   12   12  920  924
200136046   12   12  921  924
200136047   12   12  922  924
200136048   12   12  923  925
200136049   12   12  924  925
200136050   12   12  925  925
221736108  587  597  687  697
221836112  532  540  552  560
221836155  726  736  511  521
221936575  172  180  485  494
221936912  718  727  372  381
222036504 1030 1042  169  179
221737622  202  210  765  773
221837307  230  237  613  622
221937674  516  524  412  420
221937780  742  752  364  376
240537237 1068 1076 1012 1020
221738609  504  512  701  709
221738980   46   53  796  805
221838327  785  795  495  505
221838472  916  926  469  479
222038406  346  354  307  316
221639830  506  514  855  864
221939132  822  830  348  356
221640554  406  416  873  883
221640893  506  514  853  862
221940067  576  583  397  404
221940106  132  146  485  497
221940277  600  607  392  401
240740531  398  405  376  384
221741524  818  828  631  641
221941188  513  520  408  417
222041290  547  555  262  271
240541100 1036 1043 1007 1016
221942997  893  901  328  337
221643639  369  383  873  885
221743521  454  469  700  712
221943631  417  427  423  433
221943691  474  484  411  421
222043632  507  515  267  276
221744066  205  214  754  763
221944415  430  440  420  430
221944761 1013 1020  302  311
222044040  971  981  172  182
222044935  329  340  300  312
221645223   28   35  946  955
221645396  539  547  838  847
221645700   15   27  946  956
221745399  259  267  741  751
221845613  124  131  623  632
221946095  911  919  320  328
200147354 1033 1043   57   67
200147363 1025 1035  464  474
200147364  804  814   78   88
200147368  249  259  153  163
221547704  609  619  983  992
221547972  892  900  926  935
221647953  423  432  858  867
221947263  488  495  405  414
221947444  589  599  383  393
221947511  651  659  371  380
222047825 1010 1018  160  169
222047920   45   57  355  365
240747306  579  586  308  315
221748777 1104 1114  563  573
221648534  280  289  887  896
222048105  464  481  264  277
222148213  691  701   82   92
240548518  920  930 1004 1014
251248318  920  930  220  230
251248320  330  340  499  509
251248324  307  316  694  703
251248328  183  192  664  674
251248368  765  771  872  880
251248378  331  339  951  959
251248383  182  189  215  223
251248390  285  291   48   56
251248404  263  269  796  804
251248407  355  362  538  545
251248421  775  781  439  447
251248423  723  730  843  852
251248425  858  864  789  797
251248451  313  320  211  219
251248607 1005 1013   95  104
251248608 1096 1104  799  808
251248610  919  927  213  221
251248613  988  995  815  824
251248617  544  552   19   27
251248619  664  672  802  810
251248620  529  537  204  213
251248621  552  560  377  386
251248622  509  516  623  632
251248623  526  535 1003 1012
251248624  164  172  196  205
251248626   14   22  584  593
221549845  616  625  978  987
221649244  591  601  821  831
221749808  536  546  676  686
221749954  481  488  689  696
221949828   27   38  495  507
222049626  756  764  208  216
221550248  769  781  945  955
221950052  138  146  473  481
221950219 1047 1056  287  296
221950537  137  146  472  481
222150067  682  691   81   90
221551867  609  618  976  985
221851023  484  491  541  550
221951859  363  374  422  433
222051011  269  280  304  315
240751244  648  655  276  285
221552877  761  769  944  953
221652068  593  602  816  826
221752673  223  232  736  745
221752975 1015 1024  575  584
221852492  837  846  466  475
221553977  405  413 1015 1024
221653050  460  469  842  851
221853709  586  593  516  525
240554100 1100 1107  951  960
221754166  502  510  678  686
221754945  415  423  695  703
221854616  901  912  449  460
221854895  843  852  461  470
221954353  893  902  312  321
221855998 1099 1107  409  418
221655471 1048 1056  720  729
221755535 1068 1078  560  570
221755862  414  421  693  701
221955205  609  617  369  378
221955722  732  740  343  351
221955948  609  616  368  377
240555782 1068 1079  949  960
221556273  682  690  954  963
221556537  464  473  998 1007
221556583  513  521  989  997
221856058  220  227  588  597
222056671  477  484  255  264
222156016  102  114  191  203
222156527  431  438  124  132
240556926  949  958  971  980
221557107  521  531  985  995
221757134  323  333  709  719
222057956  897  906  168  178
221558841  493  501  989  997
221858590  439  446  539  547
221958623  167  174  455  464
222158882  184  195  170  181
221559016  428  436 1002 1011
221559559  372  381 1012 1021
221659840  266  275  872  881
221659881  414  422  842  851
221659884  568  578  809  819
221759308  932  940  583  591
221759617  933  941  582  590
221959658  534  542  377  386
240559773  938  946  964  972
221860056   26   38  620  632
221960287  571  578  370  379
222060741 1066 1073  131  139
222160007  493  505  104  115
221561231  866  879  906  918
221561363  565  574  969  978
221661586  435  443  835  843
221961466  343  350  415  424
221961733  346  353  414  421
222161340  225  236  157  169
222261328   24   33   62   73
221562247  372  381 1008 1017
221562396  474  482  987  996
221662788  335  344  853  862
221662833  125  137  895  907
221862181  793  803  461  471
221862304  413  423  538  548
221563616  620  630  954  964
221663876  776  784  761  769
221763418  271  280  711  720
221963285  812  820  316  325
221963642  514  523  376  387
240663389  557  564  664  672
221764845  132  141  738  748
221864941  214  225  575  586
221964056  211  229  433  444
221964610  481  490  382  391
222064452  516  525  235  246
221565290  321  331 1013 1023
221565476  416  424  994 1003
221665547  291  301  857  867
221965354  438  445  390  399
221666097  129  138  891  901
221666260  365  372  843  852
221766421  912  921  575  584
221966513  332  342  409  419
221966739  574  584  359  369
221567008  318  325 1012 1021
221567192  533  541  967  976
221667075  116  126  892  902
221667892  359  368  840  849
221667994  466  478  817  827
221767967  836  847  587  598
221867712  176  184  581  590
221867796  790  800  453  463
221867873  881  888  436  445
221967715  483  492  377  386
240667560  234  241  716  725
221868660  481  488  516  525
221868760  372  382  537  548
222168391  192  201  156  166
221769125  881  888  579  588
221869126  505  512  511  519
221869241  373  380  537  546
221570789  560  570  954  965
221571027  901  912  883  895
221571276  398  406  988  997
222071705   73   81  317  327
222071929  620  629  204  213
240571733 1018 1025  907  916
221672885  947  958  711  722
221872408  261  270  556  565
240572579 1015 1023  904  912
221674510  804  813  739  748
221974457  224  233  421  430
221675158  234  244  854  864
221675343  932  942  711  721
221675440  302  313  839  851
221875561  454  466  510  522
222275873  106  115   26   35
222275950  108  115   26   35
221676346  183  191  864  873
221676552  293  303  840  850
221776225  593  602  626  635
222076240  505  525  215  227
222076298 1053 1063  110  120
222076882  332  344  255  265
221877798  835  847  428  440
221977974  578  587  343  352
222077717  382  392  244  254
221678085  918  926  710  718
221878608  613  620  475  484
221978375  253  261  410  418
221978501   97  107  441  452
221978737  309  316  398  407
222078293  352  360  250  258
222078684   48   56  313  321
221679732  291  301  835  845
221679749  617  625  769  778
221679899  228  236  849  858
221879234  543  552  488  498
221879809   14   24  597  607
221879896   12   20  598  606
221979604  678  686  321  330
221979803  754  763  305  314
222079478   38   47  313  322
222179058  135  147  152  162
221580043  323  331  989  998
221580153  893  901  872  880
221580221  613  622  928  937
221580316  771  779  896  904
221680216   48   60  883  895
221780177  454  464  648  658
221880502  166  178  563  575
221980640  908  916  273  281
222180340  746  754   27   36
221581031  417  425  968  977
221781929  256  266  687  697
221981588 1074 1085  237  249
221981912  336  345  388  397
221982248 1093 1100  234  243
221582255  215  222 1008 1017
221582280  544  552  940  948
221582835  606  614  926  935
221682025  297  307  830  840
221682068  743  752  739  748
221682860  612  622  764  774
221782444  315  323  674  682
221882680  816  824  428  436
221683637  468  477  793  802
221783828  282  290  679  688
221883734   50   59  584  593
240583487  983  993  872  882
221684521  295  304  827  836
221784869  373  381  659  667
221984118  991  998  252  261
221984179  581  588  335  343
222084202  208  215  272  281
240585944 1100 1108  840  848
221585355  457  467  951  961
221585960  631  640  915  924
221785141  159  170  701  712
221885765  537  547  480  490
221985160  580  586  334  342
221985783  312  321  387  396
222085402  937  948  119  130
221986977  342  349  380  389
221587227  494  504  941  951
221587899  963  971  845  854
221687313  598  607  760  769
221887905  787  794  427  436
221788083   86   97  712  724
240588789  998 1009  849  861
221689245  500  508  778  786
221689470 1002 1010  676  685
221689860  398  406  798  807
221689955  762  772  722  732
221789518  562  571  613  622
221889902  947  956  391  400
221989745  113  122  423  432
221590569  842  852  864  874
221791701  845  857  550  562
221991756  616  623  317  326
221991860  693  700  301  309
222091346  353  361  231  240
222091778  166  178  267  279
221792193  279  286  668  677
221792737  728  737  574  583
221992557  894  903  259  268
221992823  482  489  343  352
221593255  302  310  971  980
221593694  970  977  834  843
221893057 1031 1038  371  380
221893627  238  245  531  540
222093256  606  615  177  186
221594631  957  968  833  844
221694123 1040 1049  660  669
221794246  248  257  671  680
221994204  335  345  370  380
221695150  855  863  696  705
221895274  565  577  460  472
221895631  327  336  510  519
221995032  372  381  362  371
221995467  703  711  294  303
221995775  944  953  244  253
221996457 1089 1098  215  224
221596102  212  221  985  994
221696047  911  922  682  694
221796340   25   36  713  725
221796673   39   48  711  720
221996163  627  636  308  317
240596749   99  106 1009 1018
221597630  105  117 1003 1015
221597860  410  419  941  950
221697389  439  448  777  786
222097216  793  802  133  142
221698021  878  886  687  696
221798903  164  176  679  691
221898872  913  920  386  395
221898980  466  475  476  485
221998907  313  321  369  378
222198725  646  654   21   30
221599107  405  413  940  949
221599206  183  192  986  995
221699673  220  229  819  828
221799410  452  460  621  629
221899581  244  255  520  531
221999285  937  946  241  250
221704799 1041 1061  639  647
221704799 1047 1056  638  638
221704799 1044 1056  648  651
221913841 1016 1033  342  349
221913841 1021 1031  339  341
221913841 1019 1030  350  352
222045423   28   66  350  359
222045423   41   55  348  349
222045423   40   52  360  362
221647234  502  522  839  847
221647234  508  517  838  838
221647234  505  517  848  851
221951965   77  115  470  479
221951965   90  104  468  469
221951965   89  101  480  482
222166487  489  533   82   91
222166487  507  517   80   81
222166487  504  516   92   94
222198942   65   89  133  142
222198942   74   84  131  132
222198942   71   82  143  144
