224900590  941  946  321  327
225000873  918  924 1017 1023
225000962  823  829  505  511
225200083  444  450  126  134
225200707  565  571  799  806
225300211  412  417  849  856
225300684  425  431  924  931
225400257  269  275  966  973
240000464  924  929 1019 1025
224901374  924  929  236  243
225001787  911  916  989  995
225301593  433  438  974  981
240001348  906  911  948  954
225102609  654  660  436  443
225102871  669  675  520  527
225202409  599  604  995 1002
225003062  789  794  335  341
225003458  780  785  292  299
225203023  542  547  689  695
225203055  549  554  727  733
225203384  498  505  457  465
225503162   42   51  681  691
225004269  894  900  920  927
225104599  641  646  382  389
225204451  597  602  999 1005
225105214  663  668  505  511
240106567  437  442 1010 1016
224907588 1040 1045  914  920
225007180  906  912 1008 1016
225007299  796  803  415  422
225407638  238  243  868  875
224908132  965  970  514  521
225208528  510  515  566  572
224909669  968  973  545  552
225009911  764  771  259  267
225109676  693  698  710  716
224910503 1038 1044  931  938
225010016  903  908 1010 1016
225010459  820  825  568  575
225110302  641  648  434  442
225110571  678  684  633  640
225410631  129  134  296  302
224911917  970  975  576  583
225011931  837  843  673  680
225211342  490  495  478  484
224812797 1051 1057  186  193
225012038  856  861  777  784
225112076  668  673  595  602
224813951 1063 1069  263  270
224913914  968  974  581  589
225013262  775  780  344  351
225413001  260  265 1030 1036
224814337 1071 1077  312  320
224815048 1048 1055  188  196
225015728  759  774  284  294
225115061  721  726  907  914
225215198  474  479  429  436
225116869  627  634  412  420
225117941  608  614  316  322
224818601 1089 1093  443  449
224918046  870  874   76   82
225118196  639  645  486  493
225118779  677  684  702  710
225118942  700  706  825  832
225119068  697  702  811  817
225119740  677  692  715  725
225119904  714  721  911  919
225319483  365  371  766  773
225020408  808  814  588  596
225120286  647  653  552  559
225120545  696  702  818  825
225220772  492  496  574  580
224921485  890  895  213  219
225021419  770  775  386  392
225221314  522  527  743  749
224822777 1063 1068  336  342
224922207  929  934  433  439
225122516  591  596  262  268
225222376  528  533  782  788
224924134  954  961  588  596
224924677  924  929  427  434
225024078  741  747  248  255
225124009  655  660  626  633
225124017  661  667  656  662
225224979  417  422  204  210
224925025  864  870   96  102
224925278  984  990  759  766
225325988  382  388  916  923
225525512   61   66  983  989
240025388  798  802  953  959
224926809  999 1004  854  861
225126470  633  639  526  533
225426572   56   61   40   47
225526162   25   31  798  806
225027981  698  709   46   56
225527136   10   17  725  733
224828996 1106 1117  628  637
225128103  719  724 1006 1013
224929985  931  937  511  518
225029221  777  783  490  498
225029674  753  759  360  367
225129739  655  660  674  681
225129974  670  675  756  762
225429748  225  230  993  999
224930276  982  987  789  796
224930445 1005 1012  913  920
224930891  987  993  822  829
225130470  691  697  873  880
225130636  689  694  865  871
225130852  652  657  666  672
225130883  679  685  815  822
225230854  459  465  485  492
224831049 1070 1075  446  452
225031054  844  849  866  873
225031721  767  772  456  463
225031769  806  811  666  672
225231094  465  470  518  524
225032943  750  756  370  377
225132221  543  554   87   97
225232627  480  485  615  621
225133674  627  632  556  563
225233717  541  546  958  965
224934211 1020 1026 1028 1036
225234004  531  537  905  912
225234254  463  468  535  541
224835348 1069 1075  479  487
225035281  803  809  680  687
225135540  570  575  259  266
224836045 1046 1052  354  360
224836318 1107 1112  689  695
225036552  758  764  446  453
225136593  698  703  965  971
225336183  306  311  594  601
224937601  991  998  899  907
225337016  343  349  805  813
225038586  766  771  506  512
225038872  751  758  429  437
225138945  616  621  539  545
225139997  610  616  515  521
225339837  239  245  260  267
200140397   12   12  156  156
200140398   12   12  157  158
200140399   12   12  158  159
200140400   12   12  159  161
200140401   12   12  160  162
200140402   12   12  161  164
200140403   12   12  162  165
200140404   12   12  163  167
200140405   12   12  164  168
200140406   12   12  165  169
200140407   12   12  166  171
200140408   12   12  167  172
200140409   12   12  168  174
200140410   12   12  169  175
200140411   12   12  170  177
200140412   12   12  171  178
200140413   13   13  172  179
200140414   13   13  173  180
200140415   14   14  174  180
200140416   14   14  175  182
200140417   15   15  176  182
200140418   15   15  177  184
200140419   16   16  178  184
200140420   16   16  179  186
200140421   16   16  180  187
200140422   17   17  181  187
200140423   17   17  182  189
200140424   18   18  183  189
200140425   18   18  184  191
200140426   18   18  185  192
200140427   19   19  186  192
200140428   19   19  187  194
200140429   20   20  188  194
200140430   20   20  189  196
200140431   21   21  190  196
200140432   21   21  191  198
200140433   21   21  192  199
200140434   22   22  193  199
200140435   22   22  194  201
200140436   23   23  195  201
200140437   23   23  196  203
200140438   23   23  197  204
200140439   24   24  198  204
200140440   24   24  199  206
200140441   25   25  200  206
200140442   25   25  201  208
200140443   25   25  202  209
200140444   26   26  203  209
200140445   26   26  204  211
200140446   27   27  205  211
200140447   27   27  206  213
200140448   27   27  207  214
200140449   28   28  208  214
200140450   28   28  209  216
200140451   29   29  210  216
200140452   29   29  211  218
200140453   29   29  212  219
200140454   30   30  213  219
200140455   30   30  214  221
200140456   31   31  215  221
200140457   31   31  216  222
200140458   31   31  217  224
200140459   32   32  218  224
200140460   32   32  219  226
200140461   33   33  220  226
200140462   33   33  221  227
200140463   33   33  222  229
200140464   34   34  223  229
200140465   34   34  224  231
200140466   34   34  225  232
200140467   35   35  226  232
200140468   35   35  227  234
200140469   36   36  228  234
200140470   36   36  229  236
200140471   36   36  230  237
200140472   37   37  231  237
200140473   37   37  232  239
200140474   38   38  233  239
200140475   38   38  234  240
200140476   38   38  235  242
200140477   39   39  236  242
200140478   39   39  237  244
200140479   39   39  238  245
200140480   40   40  239  245
200140481   40   40  240  247
200140482   41   41  241  247
200140483   41   41  242  248
200140484   41   41  243  250
200140485   42   42  244  250
200140486   42   42  245  252
200140487   42   42  246  253
200140488   43   43  247  253
200140489   43   43  248  255
200140490   44   44  249  255
200140491   44   44  250  256
200140492   44   44  251  258
200140493   45   45  252  258
200140494   45   45  253  260
200140495   45   45  254  261
200140496   46   46  255  261
200140497   46   46  256  263
200140498   47   47  257  263
200140499   47   47  258  264
200140500   47   47  259  266
200140501   48   48  260  266
200140502   48   48  261  267
200140503   48   48  262  269
200140504   49   49  263  269
200140505   49   49  264  271
200140506   49   49  265  272
200140507   50   50  266  272
200140508   50   50  267  274
200140509   51   51  268  274
200140510   51   51  269  275
200140511   51   51  270  277
200140512   52   52  271  277
200140513   52   52  272  278
200140514   52   52  273  280
200140515   53   53  274  280
200140516   53   53  275  282
200140517   53   53  276  283
200140518   54   54  277  283
200140519   54   54  278  285
200140520   55   55  279  285
200140521   55   55  280  286
200140522   55   55  281  288
200140523   56   56  282  288
200140524   56   56  283  289
200140525   56   56  284  291
200140526   57   57  285  291
200140527   57   57  286  293
200140528   57   57  287  294
200140529   58   58  288  294
200140530   58   58  289  296
200140531   59   59  290  296
200140532   59   59  291  297
200140533   59   59  292  299
200140534   60   60  293  299
200140535   60   60  294  300
200140536   60   60  295  302
200140537   61   61  296  302
200140538   61   61  297  303
200140539   61   61  298  305
200140540   62   62  299  305
200140541   62   62  300  307
200140542   62   62  301  308
200140543   63   63  302  308
200140544   63   63  303  310
200140545   64   64  304  310
200140546   64   64  305  311
200140547   64   64  306  313
200140548   65   65  307  313
200140549   65   65  308  314
200140550   65   65  309  316
200140551   66   66  310  316
200140552   66   66  311  317
200140553   66   66  312  319
200140554   67   67  313  319
200140555   67   67  314  320
200140556   67   67  315  322
200140557   68   68  316  322
200140558   68   68  317  324
200140559   68   68  318  325
200140560   69   69  319  325
200140561   69   69  320  327
200140562   70   70  321  327
200140563   70   70  322  328
200140564   70   70  323  330
200140565   71   71  324  330
200140566   71   71  325  331
200140567   71   71  326  333
200140568   72   72  327  333
200140569   72   72  328  334
200140570   72   72  329  336
200140571   73   73  330  336
200140572   73   73  331  337
200140573   73   73  332  339
200140574   74   74  333  339
200140575   74   74  334  340
200140576   74   74  335  342
200140577   75   75  336  342
200140578   75   75  337  343
200140579   75   75  338  345
200140580   76   76  339  345
200140581   76   76  340  347
200140582   76   76  341  348
200140583   77   77  342  348
200140584   77   77  343  350
200140585   78   78  344  350
200140586   78   78  345  351
200140587   78   78  346  353
200140588   79   79  347  353
200140589   79   79  348  354
200140590   79   79  349  356
200140591   80   80  350  356
200140592   80   80  351  357
200140593   80   80  352  359
200140594   81   81  353  359
200140595   81   81  354  360
200140596   81   81  355  362
200140597   82   82  356  362
200140598   82   82  357  363
200140599   82   82  358  365
200140600   83   83  359  365
200140601   83   83  360  366
200140602   83   83  361  368
200140603   84   84  362  368
200140604   84   84  363  369
200140605   84   84  364  371
200140606   85   85  365  371
200140607   85   85  366  372
200140608   85   85  367  374
200140609   86   86  368  374
200140610   86   86  369  375
200140611   86   86  370  377
200140612   87   87  371  377
200140613   87   87  372  378
200140614   87   87  373  380
200140615   88   88  374  380
200140616   88   88  375  382
200140617   88   88  376  383
200140618   89   89  377  383
200140619   89   89  378  385
200140620   89   89  379  386
200140621   90   90  380  386
200140622   90   90  381  388
200140623   91   91  382  388
200140624   91   91  383  389
200140625   91   91  384  391
200140626   92   92  385  391
200140627   92   92  386  392
200140628   92   92  387  394
200140629   93   93  388  394
200140630   93   93  389  395
200140631   93   93  390  397
200140632   94   94  391  397
200140633   94   94  392  398
200140634   94   94  393  400
200140635   95   95  394  400
200140636   95   95  395  401
200140637   95   95  396  403
200140638   96   96  397  403
200140639   96   96  398  404
200140640   96   96  399  406
200140641   97   97  400  406
200140642   97   97  401  407
200140643   97   97  402  409
200140644   98   98  403  409
200140645   98   98  404  410
200140646   98   98  405  412
200140647   99   99  406  412
200140648   99   99  407  413
200140649   99   99  408  415
200140650  100  100  409  415
200140651  100  100  410  416
200140652  100  100  411  418
200140653  101  101  412  418
200140654  101  101  413  419
200140655  101  101  414  421
200140656  102  102  415  421
200140657  102  102  416  422
200140658  102  102  417  424
200140659  103  103  418  424
200140660  103  103  419  425
200140661  103  103  420  427
200140662  104  104  421  427
200140663  104  104  422  428
200140664  104  104  423  430
200140665  105  105  424  430
200140666  105  105  425  431
200140667  105  105  426  433
200140668  106  106  427  433
200140669  106  106  428  434
200140670  106  106  429  436
200140671  107  107  430  436
200140672  107  107  431  437
200140673  107  107  432  439
200140674  108  108  433  439
200140675  108  108  434  440
200140676  108  108  435  442
200140677  109  109  436  442
200140678  109  109  437  443
200140679  109  109  438  445
200140680  110  110  439  445
200140681  110  110  440  446
200140682  110  110  441  448
200140683  111  111  442  448
200140684  111  111  443  449
200140685  111  111  444  450
200140686  112  112  445  450
200140687  112  112  446  451
200140688  113  113  447  450
225040438  806  811  740  747
225240259  458  463  564  570
225540544   34   40  977  985
225041175  818  824  813  821
225041664  788  793  649  655
225141670  649  655  743  750
225141956  531  536   90   96
225042275  855  861 1018 1025
225242834  445  450  513  519
225342088  364  370  960  967
225342376  314  319  695  702
225442336  194  200  945  952
224943312  954  960  746  753
224943681  981  986  893  899
225043502  758  763  504  511
225043638  749  755  454  461
225143301  683  688  942  949
225343743  292  298  585  592
240143464  264  270 1024 1032
224844019 1020 1027  282  290
225044019  775  780  601  607
225244988  526  532  970  976
225045708  775  780  617  624
225145060  626  633  649  657
225145550  667  673  871  877
225345395  296  301  620  626
200146408 1109 1109  339  341
200146409 1108 1108  340  343
200146410 1107 1107  341  345
200146411 1106 1106  342  347
200146412 1106 1106  343  348
200146413 1105 1105  344  350
200146414 1104 1104  345  352
200146415 1104 1104  346  353
200146416 1103 1103  347  354
200146417 1102 1102  348  356
200146418 1102 1102  349  356
200146419 1101 1101  350  357
200146420 1101 1101  351  358
200146421 1100 1100  352  359
200146422 1100 1100  353  360
200146423 1099 1099  354  361
200146424 1099 1099  355  362
200146425 1098 1098  356  363
200146426 1098 1098  357  363
200146427 1097 1097  358  365
200146428 1097 1097  359  365
200146429 1096 1096  360  367
200146430 1096 1096  361  367
200146431 1095 1095  362  369
200146432 1095 1095  363  369
200146433 1094 1094  364  371
200146434 1094 1094  365  371
200146435 1093 1093  366  373
200146436 1093 1093  367  374
200146437 1093 1093  368  374
200146438 1092 1092  369  376
200146439 1092 1092  370  376
200146440 1092 1092  371  377
200146441 1092 1092  372  377
200146442 1093 1093  373  377
200146443 1095 1095  374  374
224946574  897  903  465  472
225246542  525  530  981  988
225446307  202  211 1025 1033
224947497  827  833   85   93
225047996  833  838  944  950
225147300  585  591  441  448
225147365  587  593  454  461
225147583  599  605  522  529
225447436   32   39  102  109
225048353  758  763  545  552
225148646  594  600  503  510
251248575 1067 1072  932  939
251248895  944  949 1012 1018
224949193  876  881  370  377
225049792  723  728  363  370
225149221  578  583  419  425
225149364  588  596  481  489
225249941  497  503  861  868
251249012  431  436  964  970
251249021  799  804  788  794
224850151 1079 1085  654  661
225050363  846  851 1033 1039
225050869  736  741  444  450
225150350  627  632  699  706
224851138 1012 1017  298  305
224851247 1068 1074  603  610
224851730 1008 1013  281  288
225051058  772  777  645  652
225051444  787  793  727  733
225351372  285  291  614  621
225351704  329  335  855  862
224852572 1078 1083  668  674
224953147  961  968  866  874
225153603  607  612  619  626
225254526  445  450  616  622
225254970  439  444  590  596
224955656  900  905  557  563
225155014  584  589  502  508
225155245  508  512   84   90
225355294  349  355  995 1002
224956196  919  925  664  671
224956269  988  993 1034 1040
224956507  892  897  517  523
224857630 1062 1067  623  629
225157350  662  667  944  950
224958732  861  867  365  371
224958975  848  853  296  302
225158795  588  593  556  562
225258053  431  436  571  577
224859003 1031 1038  469  477
224859145 1026 1031  442  449
224859363 1070 1075  681  687
224960595  879  884  482  489
224960835  937  943  799  806
225160208  590  595  583  590
225360638  339  345  990  997
224861967 1021 1026  436  443
224961500  937  942  803  810
224961957  915  920  690  697
225061976  726  732  485  492
225161118  572  577  492  499
225162814  601  606  662  668
225362843  287  292  729  735
225163800  614  620  745  753
224964105  973  978 1018 1025
225264191  498  505  994 1003
224965586  953  958  925  932
224965805  943  948  869  875
225165456  620  625  791  798
225165916  572  578  529  536
224866988  981  987  260  267
224966158  807  813  129  136
224966584  870  876  479  486
225066483  718  723  474  480
225266995  404  410  507  514
225366585  289  295  772  779
224967221  947  954  904  912
224967862  867  872  475  481
224968148  889  895  596  602
224969961  907  912  709  715
239969709 1059 1064  982  988
225070679  705  711  440  447
225270773  346  351  219  225
239970525 1050 1055  954  960
224971440  839  844  350  356
224971830  894  899  654  660
225171942  574  579  597  603
224972055  874  880  550  557
225272470  469  474  908  915
224973577  830  839  325  335
225073132  676  682  301  308
225073769  766  775  803  812
225273631  472  479  934  942
225373060  298  304  879  886
224874263 1047 1053  681  688
225374439  187  192  286  292
240174312  112  116 1024 1029
224875766 1065 1070  788  794
224975614  948  953  977  983
225075901  691  697  401  408
225376873  287  292  853  859
224977638  853  858  477  483
225077352  803  808 1025 1031
225177066  577  582  657  663
224878586 1105 1111 1027 1034
224978245  850  856  469  476
224978476  909  914  794  802
224978586  906  911  775  781
225078241  718  724  577  584
225178953  558  564  571  578
240078526  441  445  328  334
225079865  746  752  743  751
225379781  278  284  830  836
224780997 1105 1110  215  221
225080554  677  683  372  378
225080634  775  780  905  912
225080672  670  675  336  343
224881993 1083 1088  939  946
224981498  854  859  516  522
225181974  582  587  726  732
224882970 1055 1060  794  800
224883172 1068 1073  865  871
225083832  721  726  638  644
225283091  454  460  922  929
225283447  418  423  727  733
225283634  462  466  968  974
224884865 1065 1070  861  867
224984983  826  832  394  402
225284076  361  366  424  430
224885988 1031 1036  687  693
225085852  696  701  519  526
225285863  396  402  632  639
225086023  741  747  768  775
225186542  614  620  938  945
225386796  299  304 1006 1012
224987111  818  823  366  373
224987944  855  860  573  579
225087068  744  750  790  797
225087657  744  749  796  802
225187078  608  613  907  913
225287779  433  439  851  858
225387450  127  134   76   85
225487028  107  113  879  885
225487554   77   83  724  731
239987548  977  981  984  989
225189064  583  588  791  797
224990072  923  928  957  963
224891567 1081 1087 1004 1010
224891863  987  993  500  507
224991335  822  827  420  426
225191209  552  557  643  650
225191533  561  566  694  700
225391842  294  300 1023 1029
224892177 1060 1068  897  905
224992653  849  855  579  585
225492675   99  106  888  896
224993495  815  821  403  410
225194469  517  522  477  483
225194748  534  539  577  584
225495734   34   42  563  572
224996374  854  859  639  646
224996457  832  838  517  524
224996540  863  868  691  698
225196867  596  601  926  932
225196979  505  510  436  442
239996947  917  921  895  900
224897986  923  929  200  207
225097405  745  751  884  891
225397223  128  134  167  174
224898364  932  937  252  258
225098403  667  673  469  476
225098627  749  755  920  928
225198105  550  555  690  696
224899430  994  999  604  611
224999193  897  902  894  901
224999342  848  853  629  635
224999368  893  899  873  880
224906517  884  926   52   59
224906517  901  909   50   51
224906517  900  910   60   62
225406427  109  133  162  170
225406427  115  126  160  161
225406427  117  127  171  172
225068581  727  751  551  559
225068581  733  744  549  550
225068581  735  745  560  561
225171224  605  638  759  766
225171224  618  626  757  758
225171224  618  626  767  768
225199200  492  525  389  396
225199200  505  513  387  388
225199200  505  513  397  398
