240300432  702  710  469  478
240400321  907  916  741  750
240400434  338  348  852  862
240301792  471  483  516  528
240302355   74   83  596  605
240302584 1045 1054  407  416
240302930  156  166  581  591
240402514  309  317  865  874
240402953  521  528  826  835
240303794  781  790  463  472
240303808 1065 1072  408  416
240303897  625  635  494  504
240403269  188  197  890  899
240403662  537  545  825  833
240304011  935  945  433  442
240304121  889  898  443  452
240304414  560  572  507  519
240404218 1077 1085  720  729
240404705 1063 1072  724  733
240405974  922  930  757  765
240405985  346  355  869  878
240406318  896  909  760  772
240406905  259  266  890  898
240307024  702  712  489  499
240307269  646  655  501  510
240407498  647  655  816  824
242207980  838  847  239  248
240308477  652  664  502  512
240308559  776  785  479  488
240408202  763  773  794  804
240408259 1010 1018  747  755
240408402  676  685  813  822
242208859  997 1006  210  219
240309152  974  983  441  450
240409018  743  753  801  811
242209485 1061 1068  200  209
240310472  485  495  541  551
240310749  709  718  499  508
240410517  457  465  863  871
240410593  823  832  790  799
240410675  769  778  801  810
240411040  770  779  803  812
242111662  299  309   43   53
242211063  279  288  358  367
242211210  794  810  253  265
240312731  747  755  498  506
240412380 1103 1110  742  750
240412386  102  112  935  945
242212344 1022 1031  216  225
242212533  582  592  303  313
240413351  927  935  780  788
240413643  343  352  894  903
242213167 1019 1029  219  229
242213436  886  894  247  255
240315279  712  720  513  521
240415872 1016 1026  769  779
240316083 1069 1078  444  453
240316650  657  665  528  537
240317205  871  878  488  497
240417092  361  369  902  911
240417554 1009 1018  776  785
240417819  676  685  843  852
240417979 1059 1066  769  777
240318129  529  537  557  566
240318481  600  607  546  554
242218106 1093 1103  220  230
242218652  947  954  252  261
242218974 1040 1049  234  243
242219524  822  834  277  289
240420496  988  997  790  799
242220067  907  914  265  273
242220705  996 1005  248  257
240321307  876  885  499  508
240421165  441  452  898  908
240322738  949  956  490  499
240422434  543  550  885  894
240323152  975  983  486  494
240323947  775  786  526  536
240323983  710  720  539  549
240423060  339  346  927  935
240423064  105  117  968  979
240423071  694  702  857  865
240423293  499  507  896  904
240423398  247  255  945  953
240423814  894  902  820  829
240324280  723  731  539  548
240324388  352  362  611  621
240324744  456  465  592  601
240424157  414  422  915  923
240325894  666  675  555  564
240425873  980  988  810  818
240426227  487  494  908  917
242126607  401  412   72   82
240327337  882  893  516  526
240328069  596  604  576  585
240328282  403  411  614  623
240428261  128  148  976  988
240428350  880  887  838  847
240428547  724  733  869  878
240329398  698  714  555  567
240329671  605  614  579  588
240429094 1001 1017  811  823
240429425  610  618  895  903
240429691  679  689  881  891
242129838  226  236  116  126
240331280  323  331  639  648
240431176  142  152  989  999
240431429  346  353  953  962
200132588  441  441  778  781
200132589  440  440  779  784
200132590  440  440  780  786
200132591  440  440  781  787
200132592  439  439  782  789
200132593  439  439  783  789
200132594  439  439  784  790
200132595  439  439  785  791
200132596  438  438  786  793
200132597  438  438  787  793
200132598  438  438  788  794
200132599  438  438  789  795
200132600  438  438  790  796
200132601  437  437  791  797
200132602  437  437  792  798
200132603  437  437  793  799
200132604  437  437  794  800
200132605  436  436  795  802
200132606  436  436  796  802
200132607  436  436  797  803
200132608  436  436  798  804
200132609  436  436  799  805
200132610  436  436  800  806
200132611  435  435  801  807
200132612  435  435  802  808
200132613  435  435  803  809
200132614  435  435  804  810
200132615  435  435  805  811
200132616  434  434  806  813
200132617  434  434  807  813
200132618  434  434  808  814
200132619  434  434  809  815
200132620  434  434  810  816
200132621  434  434  811  817
200132622  434  434  812  818
200132623  433  433  813  819
200132624  433  433  814  820
200132625  433  433  815  821
200132626  433  433  816  822
200132627  433  433  817  823
200132628  433  433  818  824
200132629  433  433  819  825
200132630  432  432  820  827
200132631  432  432  821  827
200132632  432  432  822  828
200132633  432  432  823  829
200132634  432  432  824  830
200132635  432  432  825  831
200132636  432  432  826  832
200132637  432  432  827  833
200132638  432  432  828  834
200132639  432  432  829  835
200132640  431  431  830  836
200132641  431  431  831  837
200132642  431  431  832  838
200132643  431  431  833  839
200132644  431  431  834  840
200132645  431  431  835  841
200132646  431  431  836  842
200132647  431  431  837  843
200132648  431  431  838  844
200132649  431  431  839  845
200132650  431  431  840  846
200132651  431  431  841  847
200132652  431  431  842  848
200132653  431  431  843  849
200132654  431  431  844  850
200132655  430  430  845  851
200132656  430  430  846  852
200132657  430  430  847  853
200132658  430  430  848  854
200132659  430  430  849  855
200132660  430  430  850  856
200132661  430  430  851  857
200132662  430  430  852  858
200132663  430  430  853  859
200132664  430  430  854  860
200132665  430  430  855  861
200132666  430  430  856  862
200132667  430  430  857  863
200132668  430  430  858  864
200132669  430  430  859  865
200132670  430  430  860  866
200132671  430  430  861  867
200132672  430  430  862  868
200132673  430  430  863  869
200132674  430  430  864  870
200132675  430  430  865  871
200132676  430  430  866  872
200132677  431  431  867  873
200132678  431  431  868  874
200132679  431  431  869  875
200132680  431  431  870  876
200132681  431  431  871  877
200132682  431  431  872  878
200132683  431  431  873  879
200132684  431  431  874  880
200132685  431  431  875  881
200132686  431  431  876  882
200132687  431  431  877  883
200132688  431  431  878  884
200132689  431  431  879  885
200132690  431  431  880  886
200132691  431  431  881  887
200132692  432  432  882  888
200132693  432  432  883  889
200132694  432  432  884  890
200132695  432  432  885  891
200132696  432  432  886  892
200132697  432  432  887  893
200132698  432  432  888  894
200132699  432  432  889  895
200132700  432  432  890  896
200132701  433  433  891  897
200132702  433  433  892  898
200132703  433  433  893  899
200132704  433  433  894  900
200132705  433  433  895  901
200132706  433  433  896  902
200132707  433  433  897  904
200132708  434  434  898  904
200132709  434  434  899  905
200132710  434  434  900  906
200132711  434  434  901  907
200132712  434  434  902  908
200132713  434  434  903  910
200132714  435  435  904  910
200132715  435  435  905  911
200132716  435  435  906  912
200132717  435  435  907  913
200132718  435  435  908  915
200132719  436  436  909  915
200132720  436  436  910  916
200132721  436  436  911  917
200132722  436  436  912  918
200132723  436  436  913  920
200132724  437  437  914  920
200132725  437  437  915  921
200132726  437  437  916  922
200132727  437  437  917  924
200132728  438  438  918  924
200132729  438  438  919  925
200132730  438  438  920  926
200132731  438  438  921  928
200132732  439  439  922  928
200132733  439  439  923  929
200132734  439  439  924  930
200132735  439  439  925  932
200132736  440  440  926  932
200132737  440  440  927  933
200132738  440  440  928  934
200132739  440  440  929  936
200132740  441  441  930  936
200132741  441  441  931  937
200132742  441  441  932  939
200132743  442  442  933  939
200132744  442  442  934  940
200132745  442  442  935  942
200132746  443  443  936  942
200132747  443  443  937  943
200132748  443  443  938  945
200132749  444  444  939  945
200132750  444  444  940  946
200132751  444  444  941  948
200132752  445  445  942  948
200132753  445  445  943  949
200132754  445  445  944  951
200132755  446  446  945  951
200132756  446  446  946  952
200132757  446  446  947  954
200132758  447  447  948  954
200132759  447  447  949  956
200132760  447  447  950  957
200132761  448  448  951  957
200132762  448  448  952  959
200132763  449  449  953  959
200132764  449  449  954  961
200132765  449  449  955  962
200132766  450  450  956  962
200132767  450  450  957  964
200132768  451  451  958  964
200132769  451  451  959  966
200132770  452  452  960  966
200132771  452  452  961  968
200132772  452  452  962  969
200132773  453  453  963  969
200132774  453  453  964  971
200132775  454  454  965  971
200132776  454  454  966  973
200132777  455  455  967  973
200132778  455  455  968  975
200132779  456  456  969  975
200132780  456  456  970  977
200132781  456  456  971  978
200132782  457  457  972  979
200132783  457  457  973  980
200132784  458  458  974  981
200132785  458  458  975  982
200132786  459  459  976  983
200132787  459  459  977  984
200132788  460  460  978  985
200132789  461  461  979  985
200132790  461  461  980  987
200132791  462  462  981  988
200132792  462  462  982  989
200132793  463  463  983  990
200132794  463  463  984  991
200132795  464  464  985  992
200132796  464  464  986  993
200132797  465  465  987  994
200132798  465  465  988  995
200132799  466  466  989  996
200132800  467  467  990  997
200132801  467  467  991  998
200132802  468  468  992  999
200132803  468  468  993 1000
200132804  469  469  994 1001
200132805  470  470  995 1002
200132806  470  470  996 1003
200132807  471  471  997 1004
200132808  471  471  998 1006
200132809  472  472  999 1006
200132810  473  473 1000 1007
200132811  473  473 1001 1009
200132812  474  474 1002 1009
200132813  475  475 1003 1010
200132814  475  475 1004 1012
200132815  476  476 1005 1012
200132816  476  476 1006 1014
200132817  477  477 1007 1015
200132818  478  478 1008 1015
200132819  479  479 1009 1016
200132820  479  479 1010 1018
200132821  480  480 1011 1018
200132822  481  481 1012 1019
200132823  481  481 1013 1021
200132824  482  482 1014 1022
200132825  483  483 1015 1022
200132826  483  483 1016 1024
200132827  484  484 1017 1025
200132828  485  485 1018 1026
200132829  486  486 1019 1026
200132830  486  486 1020 1028
200132831  487  487 1021 1029
200132832  488  488 1022 1030
200132833  489  489 1023 1030
200132834  489  489 1024 1032
200132835  490  490 1025 1033
200132836  491  491 1026 1034
200132837  492  492 1027 1035
200132838  492  492 1028 1036
200132839  493  493 1029 1037
200132840  494  494 1030 1038
200132841  495  495 1031 1039
200132842  496  496 1032 1040
200132843  497  497 1033 1041
200132844  497  497 1034 1043
200132845  498  498 1035 1043
200132846  499  499 1036 1044
200132847  500  500 1037 1045
200132848  501  501 1038 1046
200132849  502  502 1039 1047
200132850  502  502 1040 1049
200132851  503  503 1041 1050
200132852  504  504 1042 1050
200132853  505  505 1043 1050
240433691  759  766  880  889
240433920 1090 1101  813  824
240434947  668  677  901  910
242134111   83   95  158  168
240335866  891  898  543  552
240435529  835  843  871  879
242135143  387  395  105  113
240336187  530  540  614  624
240336942  751  759  574  582
240436552  959  967  850  858
240338025  463  472  633  642
240338032  282  292  667  677
240338884  356  368  654  666
240438167  599  608  925  934
240438211  806  813  886  895
240438751  636  646  919  929
242138520  379  390  117  127
242138878  249  261  143  153
240339573  847  855  563  572
240339859 1051 1058  523  531
240439201  786  795  892  901
240340352  348  357  662  671
240341056  708  718  594  604
240341425  400  412  654  666
240341852  529  536  633  642
242141560  337  349  134  144
200142331  646  646   24   27
200142332  645  645   25   30
200142333  644  644   26   32
200142334  644  644   27   34
200142335  644  644   28   35
200142336  645  645   29   36
200142337  645  645   30   37
200142338  646  646   31   38
200142339  646  646   32   39
200142340  647  647   33   40
200142341  647  647   34   41
200142342  648  648   35   42
200142343  648  648   36   43
200142344  649  649   37   44
200142345  649  649   38   45
200142346  650  650   39   46
200142347  650  650   40   47
200142348  651  651   41   48
200142349  651  651   42   49
200142350  652  652   43   50
200142351  652  652   44   51
200142352  653  653   45   52
200142353  653  653   46   53
200142354  654  654   47   54
200142355  654  654   48   55
200142356  655  655   49   56
200142357  656  656   50   57
200142358  656  656   51   58
200142359  657  657   52   59
200142360  657  657   53   60
200142361  658  658   54   61
200142362  658  658   55   62
200142363  659  659   56   63
200142364  659  659   57   65
200142365  660  660   58   65
200142366  661  661   59   66
200142367  661  661   60   67
200142368  662  662   61   68
200142369  662  662   62   70
200142370  663  663   63   70
200142371  664  664   64   71
200142372  664  664   65   72
200142373  665  665   66   73
200142374  665  665   67   75
200142375  666  666   68   75
200142376  667  667   69   76
200142377  667  667   70   78
200142378  668  668   71   78
200142379  669  669   72   79
200142380  669  669   73   80
200142381  670  670   74   81
200142382  670  670   75   83
200142383  671  671   76   83
200142384  672  672   77   84
200142385  672  672   78   86
200142386  673  673   79   86
200142387  674  674   80   87
200142388  674  674   81   89
200142389  675  675   82   89
200142390  676  676   83   90
200142391  676  676   84   92
200142392  677  677   85   93
200142393  678  678   86   93
200142394  678  678   87   95
200142395  679  679   88   96
200142396  680  680   89   96
200142397  680  680   90   98
200142398  681  681   91   99
200142399  682  682   92   99
200142400  683  683   93  100
200142401  683  683   94  102
200142402  684  684   95  103
200142403  685  685   96  103
200142404  685  685   97  105
200142405  686  686   98  106
200142406  687  687   99  107
200142407  688  688  100  107
200142408  688  688  101  109
200142409  689  689  102  110
200142410  690  690  103  111
200142411  691  691  104  111
200142412  691  691  105  113
200142413  692  692  106  114
200142414  693  693  107  115
200142415  694  694  108  116
200142416  694  694  109  117
200142417  695  695  110  118
200142418  696  696  111  119
200142419  697  697  112  120
200142420  698  698  113  121
200142421  698  698  114  122
200142422  699  699  115  123
200142423  700  700  116  124
200142424  701  701  117  125
200142425  702  702  118  126
200142426  702  702  119  128
200142427  703  703  120  128
200142428  704  704  121  129
200142429  705  705  122  130
200142430  706  706  123  131
200142431  707  707  124  132
200142432  707  707  125  134
200142433  708  708  126  134
200142434  709  709  127  135
200142435  710  710  128  136
200142436  711  711  129  137
200142437  712  712  130  138
200142438  713  713  131  139
200142439  713  713  132  141
200142440  714  714  133  142
200142441  715  715  134  143
200142442  716  716  135  143
200142443  717  717  136  144
200142444  718  718  137  145
200142445  719  719  138  146
200142446  720  720  139  147
200142447  721  721  140  148
200142448  721  721  141  150
200142449  722  722  142  151
200142450  723  723  143  152
200142451  724  724  144  153
200142452  725  725  145  154
200142453  726  726  146  155
200142454  727  727  147  156
200142455  728  728  148  157
200142456  729  729  149  158
200142457  730  730  150  159
200142458  731  731  151  160
200142459  732  732  152  161
200142460  733  733  153  162
200142461  734  734  154  163
200142462  735  735  155  164
200142463  736  736  156  165
200142464  737  737  157  166
200142465  738  738  158  167
200142466  739  739  159  168
200142467  740  740  160  169
200142468  741  741  161  170
200142469  742  742  162  171
200142470  743  743  163  172
200142471  744  744  164  173
200142472  745  745  165  174
200142473  746  746  166  175
200142474  747  747  167  176
200142475  748  748  168  177
200142476  749  749  169  178
200142477  750  750  170  179
200142478  751  751  171  180
200142479  752  752  172  181
200142480  753  753  173  182
200142481  754  754  174  184
200142482  755  755  175  185
200142483  756  756  176  186
200142484  757  757  177  187
200142485  759  759  178  187
200142486  760  760  179  188
200142487  761  761  180  189
200142488  762  762  181  190
200142489  763  763  182  192
200142490  764  764  183  193
200142491  765  765  184  194
200142492  766  766  185  195
200142493  767  767  186  196
200142494  769  769  187  196
200142495  770  770  188  197
200142496  771  771  189  199
200142497  772  772  190  200
200142498  773  773  191  201
200142499  774  774  192  202
200142500  776  776  193  202
200142501  777  777  194  204
200142502  778  778  195  205
200142503  779  779  196  206
200142504  780  780  197  207
200142505  781  781  198  208
200142506  783  783  199  209
200142507  784  784  200  210
200142508  785  785  201  211
200142509  786  786  202  212
200142510  788  788  203  213
200142511  789  789  204  214
200142512  790  790  205  215
200142513  791  791  206  216
200142514  792  792  207  218
200142515  794  794  208  218
200142516  795  795  209  219
200142517  796  796  210  221
200142518  798  798  211  221
200142519  799  799  212  222
200142520  800  800  213  224
200142521  801  801  214  225
200142522  803  803  215  225
200142523  804  804  216  226
200142524  805  805  217  228
200142525  807  807  218  228
200142526  808  808  219  230
200142527  809  809  220  231
200142528  811  811  221  231
200142529  812  812  222  233
200142530  813  813  223  234
200142531  815  815  224  234
200142532  816  816  225  236
200142533  817  817  226  237
200142534  819  819  227  238
200142535  820  820  228  239
200142536  821  821  229  240
200142537  823  823  230  241
200142538  824  824  231  242
200142539  825  825  232  244
200142540  827  827  233  244
200142541  828  828  234  245
200142542  830  830  235  246
200142543  831  831  236  247
200142544  833  833  237  248
200142545  834  834  238  249
200142546  835  835  239  251
200142547  837  837  240  251
200142548  838  838  241  253
200142549  840  840  242  253
200142550  841  841  243  255
200142551  843  843  244  255
200142552  844  844  245  257
200142553  846  846  246  257
200142554  847  847  247  259
200142555  849  849  248  259
200142556  850  850  249  261
200142557  852  852  250  261
200142558  853  853  251  263
200142559  855  855  252  263
200142560  856  856  253  265
200142561  858  858  254  266
200142562  859  859  255  267
200142563  861  861  256  268
200142564  862  862  257  269
200142565  864  864  258  270
200142566  865  865  259  272
200142567  867  867  260  272
200142568  869  869  261  273
200142569  870  870  262  274
200142570  872  872  263  275
200142571  873  873  264  277
200142572  875  875  265  277
200142573  877  877  266  278
200142574  878  878  267  280
200142575  880  880  268  280
200142576  881  881  269  282
200142577  883  883  270  283
200142578  885  885  271  283
200142579  886  886  272  285
200142580  888  888  273  286
200142581  890  890  274  286
200142582  891  891  275  288
200142583  893  893  276  289
200142584  895  895  277  290
200142585  896  896  278  291
200142586  898  898  279  292
200142587  900  900  280  293
200142588  902  902  281  294
200142589  903  903  282  295
200142590  905  905  283  296
200142591  907  907  284  297
200142592  909  909  285  298
200142593  910  910  286  300
200142594  912  912  287  300
200142595  914  914  288  301
200142596  916  916  289  302
200142597  917  917  290  304
200142598  919  919  291  304
200142599  921  921  292  304
200142600  923  923  293  303
200142601  925  925  294  302
200142602  926  926  295  301
200142603  928  928  296  299
240342002 1004 1013  539  548
240343237  895  903  565  573
240343703  917  924  562  571
240443030  853  861  892  901
240443121  265  272 1007 1016
240443295   98  108 1037 1047
240443794  995 1003  866  875
240444058  203  215 1020 1030
240444111  534  542  958  966
240444452  314  321 1002 1011
240444714  526  535  961  970
240444788  572  580  953  961
240445252  451  459  979  987
200146608   38   41   89   89
200146609   39   44   88   88
200146610   40   46   87   87
200146611   41   47   87   87
200146612   42   48   87   87
200146613   43   49   87   87
200146614   44   50   87   87
200146615   45   51   87   87
200146616   46   52   87   87
200146617   47   53   87   87
200146618   48   54   87   87
200146619   49   55   87   87
200146620   50   56   87   87
200146621   51   57   87   87
200146622   52   58   87   87
200146623   53   59   87   87
200146624   54   60   87   87
200146625   55   61   87   87
200146626   56   62   87   87
200146627   57   63   87   87
200146628   58   64   87   87
200146629   59   65   87   87
200146630   60   66   87   87
200146631   61   67   87   87
200146632   62   68   87   87
200146633   63   69   87   87
200146634   64   70   87   87
200146635   65   71   87   87
200146636   66   72   87   87
200146637   67   73   87   87
200146638   68   74   87   87
200146639   69   75   87   87
200146640   70   76   87   87
200146641   71   77   87   87
200146642   72   78   87   87
200146643   73   79   87   87
200146644   74   80   87   87
200146645   75   81   87   87
200146646   76   82   87   87
200146647   77   83   87   87
200146648   78   84   87   87
200146649   79   85   87   87
200146650   80   86   87   87
200146651   81   87   87   87
200146652   82   88   87   87
200146653   83   89   87   87
200146654   84   90   87   87
200146655   85   91   87   87
200146656   86   92   87   87
200146657   87   93   87   87
200146658   88   94   87   87
200146659   89   95   87   87
200146660   90   96   87   87
200146661   91   97   87   87
200146662   92   98   87   87
200146663   93   99   87   87
200146664   94  100   87   87
200146665   95  101   87   87
200146666   96  102   87   87
200146667   97  103   87   87
200146668   98  104   87   87
200146669   99  105   87   87
200146670  100  106   87   87
200146671  101  107   87   87
200146672  102  108   87   87
200146673  103  109   87   87
200146674  104  110   87   87
200146675  105  111   87   87
200146676  106  112   87   87
200146677  107  113   87   87
200146678  108  114   87   87
200146679  109  115   87   87
200146680  110  116   87   87
200146681  111  117   87   87
200146682  112  118   87   87
200146683  113  119   87   87
200146684  114  120   87   87
200146685  115  121   87   87
200146686  116  122   86   86
200146687  117  123   86   86
200146688  118  124   86   86
200146689  119  125   86   86
200146690  120  126   86   86
200146691  121  127   86   86
200146692  122  128   86   86
200146693  123  129   86   86
200146694  124  130   86   86
200146695  125  131   86   86
200146696  126  132   86   86
200146697  127  133   86   86
200146698  128  134   86   86
200146699  129  135   86   86
200146700  130  136   86   86
200146701  131  137   86   86
200146702  132  138   86   86
200146703  133  139   86   86
200146704  134  140   86   86
200146705  135  141   86   86
200146706  136  142   86   86
200146707  137  143   86   86
200146708  138  144   86   86
200146709  139  145   86   86
200146710  140  146   86   86
200146711  141  147   86   86
200146712  142  148   86   86
200146713  143  149   86   86
200146714  144  150   86   86
200146715  145  151   86   86
200146716  146  152   86   86
200146717  147  153   86   86
200146718  148  154   86   86
200146719  149  155   86   86
200146720  150  156   86   86
200146721  151  157   86   86
200146722  152  158   86   86
200146723  153  159   86   86
200146724  154  160   86   86
200146725  155  161   85   85
200146726  156  162   85   85
200146727  157  163   85   85
200146728  158  164   85   85
200146729  159  165   85   85
200146730  160  166   85   85
200146731  161  167   85   85
200146732  162  168   85   85
200146733  163  169   85   85
200146734  164  170   85   85
200146735  165  171   85   85
200146736  166  172   85   85
200146737  167  173   85   85
200146738  168  174   85   85
200146739  169  175   85   85
200146740  170  176   85   85
200146741  171  177   85   85
200146742  172  178   85   85
200146743  173  179   85   85
200146744  174  180   85   85
200146745  175  181   85   85
200146746  176  182   85   85
200146747  177  183   85   85
200146748  178  184   85   85
200146749  179  185   85   85
200146750  180  186   85   85
200146751  181  187   85   85
200146752  182  188   85   85
200146753  183  189   85   85
200146754  184  190   85   85
200146755  185  191   85   85
200146756  186  192   84   84
200146757  187  193   84   84
200146758  188  194   84   84
200146759  189  195   84   84
200146760  190  196   84   84
200146761  191  197   84   84
200146762  192  198   84   84
200146763  193  199   84   84
200146764  194  200   84   84
200146765  195  201   84   84
200146766  196  202   84   84
200146767  197  203   84   84
200146768  198  204   84   84
200146769  199  205   84   84
200146770  200  206   84   84
200146771  201  207   84   84
200146772  202  208   84   84
200146773  203  209   84   84
200146774  204  210   84   84
200146775  205  211   84   84
200146776  206  212   84   84
200146777  207  213   84   84
200146778  208  214   84   84
200146779  209  215   84   84
200146780  210  216   84   84
200146781  211  217   84   84
200146782  212  218   83   83
200146783  213  219   83   83
200146784  214  220   83   83
200146785  215  221   83   83
200146786  216  222   83   83
200146787  217  223   83   83
200146788  218  224   83   83
200146789  219  225   83   83
200146790  220  226   83   83
200146791  221  227   83   83
200146792  222  228   83   83
200146793  223  229   83   83
200146794  224  230   83   83
200146795  225  231   83   83
200146796  226  232   83   83
200146797  227  233   83   83
200146798  228  234   83   83
200146799  229  235   83   83
200146800  230  236   83   83
200146801  231  237   83   83
200146802  232  238   83   83
200146803  233  239   83   83
200146804  234  240   83   83
200146805  235  241   83   83
200146806  236  242   82   82
200146807  237  243   82   82
200146808  238  244   82   82
200146809  239  245   82   82
200146810  240  246   82   82
200146811  241  247   82   82
200146812  242  248   82   82
200146813  243  249   82   82
200146814  244  250   82   82
200146815  245  251   82   82
200146816  246  252   82   82
200146817  247  253   82   82
200146818  248  254   82   82
200146819  249  255   82   82
200146820  250  256   82   82
200146821  251  257   82   82
200146822  252  258   82   82
200146823  253  259   82   82
200146824  254  260   82   82
200146825  255  261   82   82
200146826  256  262   82   82
200146827  257  263   82   82
200146828  258  264   81   81
200146829  259  265   81   81
200146830  260  266   81   81
200146831  261  267   81   81
200146832  262  268   81   81
200146833  263  269   81   81
200146834  264  270   81   81
200146835  265  271   81   81
200146836  266  272   81   81
200146837  267  273   81   81
200146838  268  274   81   81
200146839  269  275   81   81
200146840  270  276   81   81
200146841  271  277   81   81
200146842  272  278   81   81
200146843  273  279   81   81
200146844  274  280   81   81
200146845  275  281   81   81
200146846  276  282   81   81
200146847  277  283   81   81
200146848  278  284   80   80
200146849  279  285   80   80
200146850  280  286   80   80
200146851  281  287   80   80
200146852  282  288   80   80
200146853  283  289   80   80
200146854  284  290   80   80
200146855  285  291   80   80
200146856  286  292   80   80
200146857  287  293   80   80
200146858  288  294   80   80
200146859  289  295   80   80
200146860  290  296   80   80
200146861  291  297   80   80
200146862  292  298   80   80
200146863  293  299   80   80
200146864  294  300   80   80
200146865  295  301   80   80
200146866  296  302   80   80
200146867  297  303   79   79
200146868  298  304   79   79
200146869  299  305   79   79
200146870  300  306   79   79
200146871  301  307   79   79
200146872  302  308   79   79
200146873  303  309   79   79
200146874  304  310   79   79
200146875  305  311   79   79
200146876  306  312   79   79
200146877  307  313   79   79
200146878  308  314   79   79
200146879  309  315   79   79
200146880  310  316   79   79
200146881  311  317   79   79
200146882  312  318   79   79
200146883  313  319   79   79
200146884  314  320   79   79
200146885  315  321   79   79
200146886  316  322   78   78
200146887  317  323   78   78
200146888  318  324   78   78
200146889  319  325   78   78
200146890  320  326   78   78
200146891  321  327   78   78
200146892  322  328   78   78
200146893  323  329   78   78
200146894  324  330   78   78
200146895  325  331   78   78
200146896  326  332   78   78
200146897  327  333   78   78
200146898  328  334   78   78
200146899  329  335   78   78
200146900  330  336   78   78
200146901  331  337   78   78
200146902  332  338   78   78
200146903  333  339   77   77
200146904  334  340   77   77
200146905  335  341   77   77
200146906  336  342   77   77
200146907  337  343   77   77
200146908  338  344   77   77
200146909  339  345   77   77
200146910  340  346   77   77
200146911  341  347   77   77
200146912  342  348   77   77
200146913  343  349   77   77
200146914  344  350   77   77
200146915  345  351   77   77
200146916  346  352   77   77
200146917  347  353   77   77
200146918  348  354   77   77
200146919  349  355   77   77
200146920  350  356   76   76
200146921  351  357   76   76
200146922  352  358   76   76
200146923  353  359   76   76
200146924  354  360   76   76
200146925  355  361   76   76
200146926  356  362   76   76
200146927  357  363   76   76
200146928  358  364   76   76
200146929  359  365   76   76
200146930  360  366   76   76
200146931  361  367   76   76
200146932  362  368   76   76
200146933  363  369   76   76
200146934  364  370   76   76
200146935  365  371   76   76
200146936  366  372   76   76
200146937  367  373   75   75
200146938  368  374   75   75
200146939  369  375   75   75
200146940  370  376   75   75
200146941  371  377   75   75
200146942  372  378   75   75
200146943  373  379   75   75
200146944  374  380   75   75
200146945  375  381   75   75
200146946  376  382   75   75
200146947  377  383   75   75
200146948  378  384   75   75
200146949  379  385   75   75
200146950  380  386   75   75
200146951  381  387   75   75
200146952  382  388   74   74
200146953  383  389   74   74
200146954  384  390   74   74
200146955  385  391   74   74
200146956  386  392   74   74
200146957  387  393   74   74
200146958  388  394   74   74
200146959  389  395   74   74
200146960  390  396   74   74
200146961  391  397   74   74
200146962  392  398   74   74
200146963  393  399   74   74
200146964  394  400   74   74
200146965  395  401   74   74
200146966  396  402   74   74
200146967  397  403   74   74
200146968  398  404   73   73
200146969  399  405   73   73
200146970  400  406   73   73
200146971  401  407   73   73
200146972  402  408   73   73
200146973  403  409   73   73
200146974  404  410   73   73
200146975  405  411   73   73
200146976  406  412   73   73
200146977  407  413   73   73
200146978  408  414   73   73
200146979  409  415   73   73
200146980  410  416   73   73
200146981  411  417   73   73
200146982  412  418   73   73
200146983  413  419   72   72
200146984  414  420   72   72
200146985  415  421   72   72
200146986  416  422   72   72
200146987  417  423   72   72
200146988  418  424   72   72
200146989  419  425   72   72
200146990  420  426   72   72
200146991  421  427   72   72
200146992  422  428   72   72
200146993  423  429   72   72
200146994  424  430   72   72
200146995  425  431   72   72
200146996  426  432   72   72
200146997  427  434   71   71
200146998  428  434   71   71
200146999  429  435   71   71
240346820  523  534  647  657
200147000  430  436   71   71
200147001  431  437   71   71
200147002  432  438   71   71
200147003  433  439   71   71
200147004  434  440   71   71
200147005  435  441   71   71
200147006  436  442   71   71
200147007  437  443   71   71
200147008  438  444   71   71
200147009  439  445   71   71
200147010  440  446   71   71
200147011  441  447   71   71
200147012  442  448   70   70
200147013  443  449   70   70
200147014  444  450   70   70
200147015  445  451   70   70
200147016  446  452   70   70
200147017  447  453   70   70
200147018  448  454   70   70
200147019  449  455   70   70
200147020  450  456   70   70
200147021  451  457   70   70
200147022  452  458   70   70
200147023  453  459   70   70
200147024  454  460   70   70
200147025  455  461   70   70
200147026  456  462   69   69
200147027  457  463   69   69
200147028  458  464   69   69
200147029  459  465   69   69
200147030  460  466   69   69
200147031  461  467   69   69
200147032  462  468   69   69
200147033  463  469   69   69
200147034  464  470   69   69
200147035  465  471   69   69
200147036  466  472   69   69
200147037  467  473   69   69
200147038  468  474   69   69
200147039  469  475   69   69
200147040  470  476   68   68
200147041  471  477   68   68
200147042  472  478   68   68
200147043  473  479   68   68
200147044  474  480   68   68
200147045  475  481   68   68
200147046  476  482   68   68
200147047  477  483   68   68
200147048  478  484   68   68
200147049  479  485   68   68
200147050  480  486   68   68
200147051  481  487   68   68
200147052  482  488   68   68
200147053  483  489   67   67
200147054  484  490   67   67
200147055  485  491   67   67
200147056  486  492   67   67
200147057  487  493   67   67
200147058  488  494   67   67
200147059  489  495   67   67
200147060  490  496   67   67
200147061  491  497   67   67
200147062  492  498   67   67
200147063  493  499   67   67
200147064  494  500   67   67
200147065  495  501   67   67
200147066  496  502   66   66
200147067  497  503   66   66
200147068  498  504   66   66
200147069  499  505   66   66
200147070  500  506   66   66
200147071  501  507   66   66
200147072  502  508   66   66
200147073  503  509   66   66
200147074  504  510   66   66
200147075  505  511   66   66
200147076  506  512   66   66
200147077  507  513   66   66
200147078  508  514   66   66
200147079  509  515   66   66
200147080  510  516   65   65
200147081  511  517   65   65
200147082  512  518   65   65
200147083  513  519   65   65
200147084  514  520   65   65
200147085  515  521   65   65
200147086  516  522   65   65
200147087  517  523   65   65
200147088  518  524   65   65
200147089  519  525   65   65
200147090  520  526   65   65
200147091  521  527   65   65
200147092  522  528   64   64
200147093  523  529   64   64
200147094  524  530   64   64
200147095  525  531   64   64
200147096  526  532   64   64
200147097  527  533   64   64
200147098  528  534   64   64
200147099  529  535   64   64
200147100  530  536   64   64
200147101  531  537   64   64
200147102  532  538   64   64
200147103  533  539   64   64
200147104  534  540   64   64
200147105  535  541   63   63
200147106  536  542   63   63
200147107  537  543   63   63
200147108  538  544   63   63
200147109  539  545   63   63
200147110  540  546   63   63
200147111  541  547   63   63
200147112  542  548   63   63
200147113  543  549   63   63
200147114  544  550   63   63
200147115  545  551   63   63
200147116  546  552   63   63
200147117  547  554   62   62
200147118  548  554   62   62
200147119  549  555   62   62
200147120  550  556   62   62
200147121  551  557   62   62
200147122  552  558   62   62
200147123  553  559   62   62
200147124  554  560   62   62
200147125  555  561   62   62
200147126  556  562   62   62
200147127  557  563   62   62
200147128  558  564   62   62
200147129  559  565   62   62
200147130  560  566   61   61
200147131  561  567   61   61
200147132  562  568   61   61
200147133  563  569   61   61
200147134  564  570   61   61
200147135  565  571   61   61
200147136  566  572   61   61
200147137  567  573   61   61
200147138  568  574   61   61
200147139  569  575   61   61
200147140  570  576   61   61
200147141  571  577   61   61
200147142  572  578   60   60
200147143  573  579   60   60
200147144  574  580   60   60
200147145  575  581   60   60
200147146  576  582   60   60
200147147  577  583   60   60
200147148  578  584   60   60
200147149  579  585   60   60
200147150  580  586   60   60
200147151  581  587   60   60
200147152  582  588   60   60
200147153  583  589   60   60
200147154  584  590   59   59
200147155  585  591   59   59
200147156  586  592   59   59
200147157  587  593   59   59
200147158  588  594   59   59
200147159  589  595   59   59
200147160  590  596   59   59
200147161  591  597   59   59
200147162  592  598   59   59
200147163  593  599   59   59
200147164  594  600   59   59
200147165  595  601   59   59
200147166  596  602   58   58
200147167  597  603   58   58
200147168  598  604   58   58
200147169  599  605   58   58
200147170  600  606   58   58
200147171  601  607   58   58
200147172  602  608   58   58
200147173  603  609   58   58
200147174  604  610   58   58
200147175  605  611   58   58
200147176  606  612   58   58
200147177  607  613   58   58
200147178  608  614   57   57
200147179  609  615   57   57
200147180  610  616   57   57
200147181  611  617   57   57
200147182  612  618   57   57
200147183  613  619   57   57
200147184  614  620   57   57
200147185  615  621   57   57
200147186  616  622   57   57
200147187  617  623   57   57
200147188  618  624   57   57
200147189  619  626   56   56
200147190  620  626   56   56
200147191  621  627   56   56
200147192  622  628   56   56
200147193  623  629   56   56
200147194  624  630   56   56
200147195  625  631   56   56
200147196  626  632   56   56
200147197  627  633   56   56
200147198  628  634   56   56
200147199  629  635   56   56
200147200  630  636   56   56
200147201  631  637   55   55
200147202  632  638   55   55
200147203  633  639   55   55
200147204  634  640   55   55
200147205  635  641   55   55
200147206  636  642   55   55
200147207  637  643   55   55
200147208  638  644   55   55
200147209  639  645   55   55
200147210  640  646   55   55
200147211  641  647   55   55
200147212  642  648   54   54
200147213  643  649   54   54
200147214  644  650   54   54
200147215  645  651   54   54
200147216  646  652   54   54
200147217  647  653   54   54
200147218  648  654   54   54
200147219  649  655   54   54
200147220  650  656   54   54
200147221  651  657   54   54
200147222  652  658   54   54
200147223  653  660   53   53
200147224  654  660   53   53
200147225  655  661   53   53
200147226  656  662   53   53
200147227  657  663   53   53
200147228  658  664   53   53
200147229  659  665   53   53
200147230  660  666   53   53
200147231  661  667   53   53
200147232  662  668   53   53
200147233  663  669   53   53
200147234  664  670   53   53
200147235  665  671   52   52
200147236  666  672   52   52
200147237  667  673   52   52
200147238  668  674   52   52
200147239  669  675   52   52
200147240  670  676   52   52
200147241  671  677   52   52
200147242  672  678   52   52
200147243  673  679   52   52
200147244  674  680   52   52
200147245  675  681   52   52
200147246  676  682   51   51
200147247  677  683   51   51
200147248  678  684   51   51
200147249  679  685   51   51
200147250  680  686   51   51
200147251  681  687   51   51
200147252  682  688   51   51
200147253  683  689   51   51
200147254  684  690   51   51
200147255  685  691   51   51
200147256  686  692   51   51
200147257  687  693   50   50
200147258  688  694   50   50
200147259  689  695   50   50
200147260  690  696   50   50
200147261  691  697   50   50
200147262  692  698   50   50
200147263  693  699   50   50
200147264  694  700   50   50
200147265  695  701   50   50
200147266  696  702   50   50
200147267  697  703   50   50
200147268  698  704   49   49
200147269  699  705   49   49
200147270  700  706   49   49
200147271  701  707   49   49
200147272  702  708   49   49
200147273  703  709   49   49
200147274  704  710   49   49
200147275  705  711   49   49
200147276  706  712   49   49
200147277  707  713   49   49
200147278  708  714   48   48
200147279  709  715   48   48
200147280  710  716   48   48
200147281  711  717   48   48
200147282  712  718   48   48
200147283  713  719   48   48
200147284  714  720   48   48
200147285  715  721   48   48
200147286  716  722   48   48
200147287  717  723   48   48
200147288  718  724   48   48
200147289  719  725   47   47
200147290  720  726   47   47
200147291  721  727   47   47
200147292  722  728   47   47
200147293  723  729   47   47
200147294  724  730   47   47
200147295  725  731   47   47
200147296  726  732   47   47
200147297  727  733   47   47
200147298  728  734   47   47
200147299  729  735   47   47
200147300  730  736   46   46
200147301  731  737   46   46
200147302  732  738   46   46
200147303  733  739   46   46
200147304  734  740   46   46
200147305  735  741   46   46
200147306  736  742   46   46
200147307  737  743   46   46
200147308  738  744   46   46
200147309  739  745   46   46
200147310  740  746   46   46
200147311  741  747   45   45
200147312  742  748   45   45
200147313  743  749   45   45
200147314  744  750   45   45
200147315  745  751   45   45
200147316  746  752   45   45
200147317  747  753   45   45
200147318  748  754   45   45
200147319  749  755   45   45
200147320  750  756   45   45
200147321  751  757   44   44
200147322  752  758   44   44
200147323  753  759   44   44
200147324  754  760   44   44
200147325  755  761   44   44
200147326  756  762   44   44
200147327  757  763   44   44
200147328  758  764   44   44
200147329  759  765   44   44
200147330  760  766   44   44
200147331  761  767   43   43
200147332  762  768   43   43
200147333  763  769   43   43
200147334  764  770   43   43
200147335  765  771   43   43
200147336  766  772   43   43
200147337  767  773   43   43
200147338  768  774   43   43
200147339  769  775   43   43
200147340  770  776   43   43
200147341  771  776   43   43
200147342  772  777   43   43
200147343  773  776   44   44
200147360  271  281  471  481
240347574  363  369  683  691
240447262 1039 1047  869  877
240447502 1016 1026  873  883
240348193  640  648  631  639
240348690  359  368  686  695
240448412  535  549  969  981
240448488  405  416  996 1007
240448605  742  751  932  941
240448636  905  915  900  910
240448756  855  863  911  919
251248380  408  415  632  641
251248387  157  163  306  314
251248392  146  152  344  351
251248393  598  604 1010 1018
251248394  343  350  952  959
251248402   78   85  406  415
251248405  998 1004  639  646
251248406  559  566  966  974
251248413  455  461  944  952
251248426  393  399  591  598
251248580   68   77  524  533
251248582   87   95  202  211
251248583  184  192  657  666
251248585  224  232  609  617
251248588  184  193  351  360
251248589  350  358  966  975
251248592  420  429  952  961
251248594  317  324   64   73
251248595  441  450  701  710
251248606  930  939  992 1001
251248799  673  680  255  262
240349537  575  585  646  656
240349622 1015 1023  561  569
240349772  681  688  628  637
240350593 1007 1017  564  574
240350709  140  151  733  744
240450435  272  284 1028 1038
240351790  559  569  656  666
240451159  644  652  960  968
240252225  274  283  404  413
240252992  133  142  433  442
240452655  277  285 1036 1045
240253681  216  227  418  428
242153342  417  425  158  167
240254733 1099 1110  248  258
240354262  522  531  672  681
242154489  141  157  210  222
240355203  430  439  693  702
240355376  939  947  594  602
240355486  460  469  688  697
240455171  369  377 1027 1036
242155005  242  251  197  206
242155738 1065 1072   37   46
240256177  591  598  355  363
240256741 1096 1107  255  265
240356451 1025 1033  580  588
240356972  830  841  619  630
242156391  865  872   79   88
240257891 1078 1088  262  272
240357036  975  983  592  600
240457596  825  833  947  955
242157205  158  167  219  228
240358625  554  562  680  689
240358675  326  334  724  733
240458060  919  930  928  940
240259204  698  707  343  352
240259420  706  716  341  351
240359303 1087 1097  576  586
240459112  528  538 1009 1019
240260554  126  136  457  466
240360607  722  730  653  661
240460010  859  869  947  957
240460071 1016 1024  917  925
240460592  839  847  954  963
240261177 1092 1101  270  279
240261672  532  544  382  392
240361849 1028 1036  596  605
240362439  384  396  722  732
240362741  847  854  635  644
240462126  957  967  935  945
240462224  883  893  949  961
240462986 1100 1110  909  919
240263021  755  763  344  352
240263339 1099 1173  242  255
240463548  931  939  946  954
240463660  924  933  947  956
240463946  873  887  955  967
240364153  907  918  626  637
240364814 1033 1041  605  613
240464262 1012 1022  931  941
240464584  548  558 1023 1033
242164441 1039 1048   69   78
240465257  802  810  977  986
240465451  644  653 1008 1017
242165458  976  984   85   93
242165865  227  237  233  243
240266590  788  796  348  356
240366070  301  316  748  760
240466923 1068 1076  930  939
240267832  756  764  358  367
240268063  931  940  324  333
240368493  957  966  630  639
240368494  675  682  687  696
240368753  692  700  684  693
240469261  715  724 1007 1016
240469322  682  691 1014 1023
240270692  679  688  382  391
240270768  691  698  381  390
240470232  744  753 1005 1014
240470266  652  660 1023 1032
240470570 1096 1103  937  946
240271976  775  784  367  376
240371055  925  934  645  654
240371357 1068 1079  616  626
240371579 1020 1028  628  636
240471642  709  717 1017 1025
242171224  930  942  110  122
242171743  697  712  156  166
240272173  578  586  407  415
240372612  689  697  697  705
240472595  871  880  988  997
242172681  183  192  262  271
240473021  778  786 1008 1016
240473783  914  923  983  992
242173075  770  779  149  158
240374142  789  801  680  690
240374279  524  536  732  744
240474164  769  778 1013 1022
240474546  892  901  990  999
242174682  830  838  142  150
242174883  131  141  277  287
242175629  706  716  168  178
240276240  652  660  405  413
240276268  604  614  414  423
240276653  122  134  507  517
240376821  879  888  672  681
240476832  871  881 1001 1010
240377322  660  669  717  726
240377569  905  914  669  678
242178177  578  586  202  210
242178210  316  331  249  261
240279404 1039 1048  338  347
240379662 1104 1113  636  645
240280863  614  622  427  436
240280869  686  696  412  422
242180474   68   78  306  315
240281001  978  985  356  365
240281671  861  873  379  391
240381452 1106 1114  642  650
240381607  528  536  756  765
240381644  964  973  670  679
240381719  549  558  752  761
240381811  940  948  676  684
240381887  465  473  770  779
242181340  940  950  139  149
240282465  676  685  420  429
240282929  905  913  376  384
240382119  368  375  790  799
240382206  872  880  691  699
242182441 1096 1107  110  121
242183629  528  538  227  238
240384581  969  981  677  688
242184026  785  791  179  187
242184803  942  971  138  151
240285129  192  203  520  530
240285893  903  914  384  395
240385683  684  694  738  748
240485950  933  944 1019 1030
242185437  246  260  284  296
242186303  549  560  230  240
240387385  532  540  774  782
240387704  880  890  706  716
240387972  304  312  820  828
240487081 1071 1080  996 1005
242187183  577  588  226  238
242187614  593  604  225  236
240288278  627  637  446  456
240288689 1097 1107  355  365
240289249 1013 1020  374  383
240389197  599  607  767  776
240389397  561  571  773  785
240290059  678  686  442  450
240290856  669  681  445  455
240490593 1079 1089 1006 1016
240291558  691  702  443  453
240291773  984  995  386  397
240391344  557  569  779  791
240391808 1041 1048  688  697
240292306  814  821  423  432
240292657  788  800  427  437
240292856 1102 1113  365  376
240392757  582  592  781  791
240492395  955  963 1038 1046
242192913 1036 1048  153  163
240293268  262  272  532  542
240393953  930  938  717  725
242193447  875  885  187  197
240394045  745  755  753  763
240394172  533  541  796  804
240494327 1076 1085 1019 1028
240395544  410  421  823  833
240296207 1090 1100  378  388
240396012 1025 1037  703  713
240396599  979  991  714  725
242196107  333  344  301  311
240297031  160  172  561  571
240297307  990 1006  399  411
240297615  220  232  552  562
240297634  162  171  564  574
240297727  647  656  471  480
240297919  670  679  467  476
240397131 1029 1038  708  717
240397489  923  930  730  739
242197290  852  862  203  213
240298162 1105 1114  381  390
240298677  215  225  557  567
240398093  911  919  734  742
242198186  571  583  260  272
240299057  712  719  463  472
240299518  689  698  468  477
240299642  301  312  543  553
240399507  921  929  737  745
240399514  941  950  732  741
240339972  389  424  642  651
240339972  402  413  639  641
240339972  400  410  652  653
240446438  230  265 1013 1022
240446438  243  254 1010 1012
240446438  241  251 1023 1024
240291981  683  707  440  449
240291981  692  702  438  439
240291981  689  700  450  451
